# 
# computed by Jin Kosaka and Hirotake Kurihara 
# using gap 4.12.2 
# 
GAQ_10 :=
[
# No.1
rec(
  G := Group( [ (1,2), (3,4,5,6,7) ] ),
  isConnected := false,
  matrix := [ [ 1, 2, 3, 4, 5, 6, 7, 8, 9, 10 ], [ 1, 2, 3, 4, 5, 6, 7, 8, 9, 10 ], [ 1, 2, 3, 4, 5, 6, 7, 8, 9, 10 ], 
      [ 1, 2, 3, 4, 5, 6, 7, 8, 9, 10 ], [ 1, 2, 3, 4, 5, 6, 7, 8, 9, 10 ], [ 1, 2, 3, 4, 5, 6, 7, 8, 9, 10 ], [ 1, 2, 3, 4, 5, 6, 7, 8, 9, 10 ], [ 1, 2, 3, 4, 5, 6, 7, 8, 9, 10 ], 
      [ 1, 2, 3, 4, 5, 6, 7, 8, 9, 10 ], [ 1, 2, 3, 4, 5, 6, 7, 8, 9, 10 ] ],
  ordFix := 10,
  ordf := 1,
  psi := GroupHomomorphismByImages( Group( [ (1,2), (3,4,5,6,7) ] ), Group( [ (1,2), (3,4,5,6,7) ] ), [ (1,2), (3,4,5,6,7) ], [ (1,2), (3,4,5,6,7) ] ) ),
# No.2
rec(
  G := Group( [ (1,2), (3,4,5,6,7) ] ),
  isConnected := false,
  matrix := [ [ 1, 2, 5, 6, 9, 10, 3, 4, 7, 8 ], [ 1, 2, 5, 6, 9, 10, 3, 4, 7, 8 ], [ 9, 10, 3, 4, 7, 8, 1, 2, 5, 6 ], 
      [ 9, 10, 3, 4, 7, 8, 1, 2, 5, 6 ], [ 7, 8, 1, 2, 5, 6, 9, 10, 3, 4 ], [ 7, 8, 1, 2, 5, 6, 9, 10, 3, 4 ], [ 5, 6, 9, 10, 3, 4, 7, 8, 1, 2 ], [ 5, 6, 9, 10, 3, 4, 7, 8, 1, 2 ], 
      [ 3, 4, 7, 8, 1, 2, 5, 6, 9, 10 ], [ 3, 4, 7, 8, 1, 2, 5, 6, 9, 10 ] ],
  ordFix := 2,
  ordf := 4,
  psi := GroupHomomorphismByImages( Group( [ (1,2), (3,4,5,6,7) ] ), Group( [ (1,2), (3,4,5,6,7) ] ), [ (1,2), (3,4,5,6,7) ], [ (1,2), (3,5,7,4,6) ] ) ),
# No.3
rec(
  G := Group( [ (1,2), (3,4,5,6,7) ] ),
  isConnected := false,
  matrix := [ [ 1, 2, 7, 8, 3, 4, 9, 10, 5, 6 ], [ 1, 2, 7, 8, 3, 4, 9, 10, 5, 6 ], [ 7, 8, 3, 4, 9, 10, 5, 6, 1, 2 ], 
      [ 7, 8, 3, 4, 9, 10, 5, 6, 1, 2 ], [ 3, 4, 9, 10, 5, 6, 1, 2, 7, 8 ], [ 3, 4, 9, 10, 5, 6, 1, 2, 7, 8 ], [ 9, 10, 5, 6, 1, 2, 7, 8, 3, 4 ], [ 9, 10, 5, 6, 1, 2, 7, 8, 3, 4 ], 
      [ 5, 6, 1, 2, 7, 8, 3, 4, 9, 10 ], [ 5, 6, 1, 2, 7, 8, 3, 4, 9, 10 ] ],
  ordFix := 2,
  ordf := 4,
  psi := GroupHomomorphismByImages( Group( [ (1,2), (3,4,5,6,7) ] ), Group( [ (1,2), (3,4,5,6,7) ] ), [ (1,2), (3,4,5,6,7) ], [ (1,2), (3,6,4,7,5) ] ) ),
# No.4
rec(
  G := Group( [ (1,2), (3,4,5,6,7) ] ),
  isConnected := false,
  matrix := [ [ 1, 2, 9, 10, 7, 8, 5, 6, 3, 4 ], [ 1, 2, 9, 10, 7, 8, 5, 6, 3, 4 ], [ 5, 6, 3, 4, 1, 2, 9, 10, 7, 8 ], 
      [ 5, 6, 3, 4, 1, 2, 9, 10, 7, 8 ], [ 9, 10, 7, 8, 5, 6, 3, 4, 1, 2 ], [ 9, 10, 7, 8, 5, 6, 3, 4, 1, 2 ], [ 3, 4, 1, 2, 9, 10, 7, 8, 5, 6 ], [ 3, 4, 1, 2, 9, 10, 7, 8, 5, 6 ], 
      [ 7, 8, 5, 6, 3, 4, 1, 2, 9, 10 ], [ 7, 8, 5, 6, 3, 4, 1, 2, 9, 10 ] ],
  ordFix := 2,
  ordf := 2,
  psi := GroupHomomorphismByImages( Group( [ (1,2), (3,4,5,6,7) ] ), Group( [ (1,2), (3,4,5,6,7) ] ), [ (1,2), (3,4,5,6,7) ], [ (1,2), (3,7,6,5,4) ] ) ),
# No.5
rec(
  G := Group( [ (2,5)(3,4), (1,2,3,4,5) ] ),
  isConnected := false,
  matrix := [ [ 1, 10, 3, 2, 5, 4, 7, 6, 9, 8 ], [ 3, 2, 5, 4, 7, 6, 9, 8, 1, 10 ], [ 1, 10, 3, 2, 5, 4, 7, 6, 9, 8 ], 
      [ 3, 2, 5, 4, 7, 6, 9, 8, 1, 10 ], [ 1, 10, 3, 2, 5, 4, 7, 6, 9, 8 ], [ 3, 2, 5, 4, 7, 6, 9, 8, 1, 10 ], [ 1, 10, 3, 2, 5, 4, 7, 6, 9, 8 ], [ 3, 2, 5, 4, 7, 6, 9, 8, 1, 10 ], 
      [ 1, 10, 3, 2, 5, 4, 7, 6, 9, 8 ], [ 3, 2, 5, 4, 7, 6, 9, 8, 1, 10 ] ],
  ordFix := 5,
  ordf := 5,
  psi := GroupGeneralMappingByImages( Group( [ (2,5)(3,4), (1,2,3,4,5) ] ), Group( [ (2,5)(3,4), (1,2,3,4,5) ] ), [ (2,5)(3,4), (1,2,3,4,5) ], [ (1,5)(2,4), (1,2,3,4,5) ] ) ),
]; 
### end of file ###