# 
# computed by Jin Kosaka and Hirotake Kurihara 
# using gap 4.12.2 
# 
GAQ_5 :=
[
# No.1
[ [ 1, 2, 3, 4, 5 ], [ 1, 2, 3, 4, 5 ], [ 1, 2, 3, 4, 5 ], [ 1, 2, 3, 4, 5 ], [ 1, 2, 3, 4, 5 ] ],
# No.2
[ [ 1, 3, 5, 2, 4 ], [ 5, 2, 4, 1, 3 ], [ 4, 1, 3, 5, 2 ], [ 3, 5, 2, 4, 1 ], [ 2, 4, 1, 3, 5 ] ],
# No.3
[ [ 1, 4, 2, 5, 3 ], [ 4, 2, 5, 3, 1 ], [ 2, 5, 3, 1, 4 ], [ 5, 3, 1, 4, 2 ], [ 3, 1, 4, 2, 5 ] ],
# No.4
[ [ 1, 5, 4, 3, 2 ], [ 3, 2, 1, 5, 4 ], [ 5, 4, 3, 2, 1 ], [ 2, 1, 5, 4, 3 ], [ 4, 3, 2, 1, 5 ] ],
]; 
### end of file ###