# 
# computed by Jin Kosaka and Hirotake Kurihara 
# using gap 4.12.2 
# 
GAQ_6 :=
[
# No.1
[ [ 1, 2, 3, 4, 5, 6 ], [ 1, 2, 3, 4, 5, 6 ], [ 1, 2, 3, 4, 5, 6 ], [ 1, 2, 3, 4, 5, 6 ], [ 1, 2, 3, 4, 5, 6 ], [ 1, 2, 3, 4, 5, 6 ] ],
# No.2
[ [ 1, 2, 5, 6, 3, 4 ], [ 1, 2, 5, 6, 3, 4 ], [ 5, 6, 3, 4, 1, 2 ], [ 5, 6, 3, 4, 1, 2 ], [ 3, 4, 1, 2, 5, 6 ], [ 3, 4, 1, 2, 5, 6 ] ],
# No.3
[ [ 1, 6, 3, 2, 5, 4 ], [ 3, 2, 5, 4, 1, 6 ], [ 1, 6, 3, 2, 5, 4 ], [ 3, 2, 5, 4, 1, 6 ], [ 1, 6, 3, 2, 5, 4 ], [ 3, 2, 5, 4, 1, 6 ] ],
]; 
### end of file ###