# 
# computed by Jin Kosaka and Hirotake Kurihara 
# using gap 4.12.2 
# 
GAQ_10 :=
[
# No.1
[ [ 1, 2, 3, 4, 5, 6, 7, 8, 9, 10 ], [ 1, 2, 3, 4, 5, 6, 7, 8, 9, 10 ], [ 1, 2, 3, 4, 5, 6, 7, 8, 9, 10 ], 
  [ 1, 2, 3, 4, 5, 6, 7, 8, 9, 10 ], [ 1, 2, 3, 4, 5, 6, 7, 8, 9, 10 ], [ 1, 2, 3, 4, 5, 6, 7, 8, 9, 10 ], 
  [ 1, 2, 3, 4, 5, 6, 7, 8, 9, 10 ], [ 1, 2, 3, 4, 5, 6, 7, 8, 9, 10 ], [ 1, 2, 3, 4, 5, 6, 7, 8, 9, 10 ], 
  [ 1, 2, 3, 4, 5, 6, 7, 8, 9, 10 ] ],
# No.2
[ [ 1, 2, 5, 6, 9, 10, 3, 4, 7, 8 ], [ 1, 2, 5, 6, 9, 10, 3, 4, 7, 8 ], [ 9, 10, 3, 4, 7, 8, 1, 2, 5, 6 ], 
  [ 9, 10, 3, 4, 7, 8, 1, 2, 5, 6 ], [ 7, 8, 1, 2, 5, 6, 9, 10, 3, 4 ], [ 7, 8, 1, 2, 5, 6, 9, 10, 3, 4 ], 
  [ 5, 6, 9, 10, 3, 4, 7, 8, 1, 2 ], [ 5, 6, 9, 10, 3, 4, 7, 8, 1, 2 ], [ 3, 4, 7, 8, 1, 2, 5, 6, 9, 10 ], 
  [ 3, 4, 7, 8, 1, 2, 5, 6, 9, 10 ] ],
# No.3
[ [ 1, 2, 7, 8, 3, 4, 9, 10, 5, 6 ], [ 1, 2, 7, 8, 3, 4, 9, 10, 5, 6 ], [ 7, 8, 3, 4, 9, 10, 5, 6, 1, 2 ], 
  [ 7, 8, 3, 4, 9, 10, 5, 6, 1, 2 ], [ 3, 4, 9, 10, 5, 6, 1, 2, 7, 8 ], [ 3, 4, 9, 10, 5, 6, 1, 2, 7, 8 ], 
  [ 9, 10, 5, 6, 1, 2, 7, 8, 3, 4 ], [ 9, 10, 5, 6, 1, 2, 7, 8, 3, 4 ], [ 5, 6, 1, 2, 7, 8, 3, 4, 9, 10 ], 
  [ 5, 6, 1, 2, 7, 8, 3, 4, 9, 10 ] ],
# No.4
[ [ 1, 2, 9, 10, 7, 8, 5, 6, 3, 4 ], [ 1, 2, 9, 10, 7, 8, 5, 6, 3, 4 ], [ 5, 6, 3, 4, 1, 2, 9, 10, 7, 8 ], 
  [ 5, 6, 3, 4, 1, 2, 9, 10, 7, 8 ], [ 9, 10, 7, 8, 5, 6, 3, 4, 1, 2 ], [ 9, 10, 7, 8, 5, 6, 3, 4, 1, 2 ], 
  [ 3, 4, 1, 2, 9, 10, 7, 8, 5, 6 ], [ 3, 4, 1, 2, 9, 10, 7, 8, 5, 6 ], [ 7, 8, 5, 6, 3, 4, 1, 2, 9, 10 ], 
  [ 7, 8, 5, 6, 3, 4, 1, 2, 9, 10 ] ],
# No.5
[ [ 1, 10, 3, 2, 5, 4, 7, 6, 9, 8 ], [ 3, 2, 5, 4, 7, 6, 9, 8, 1, 10 ], [ 1, 10, 3, 2, 5, 4, 7, 6, 9, 8 ], 
  [ 3, 2, 5, 4, 7, 6, 9, 8, 1, 10 ], [ 1, 10, 3, 2, 5, 4, 7, 6, 9, 8 ], [ 3, 2, 5, 4, 7, 6, 9, 8, 1, 10 ], 
  [ 1, 10, 3, 2, 5, 4, 7, 6, 9, 8 ], [ 3, 2, 5, 4, 7, 6, 9, 8, 1, 10 ], [ 1, 10, 3, 2, 5, 4, 7, 6, 9, 8 ], 
  [ 3, 2, 5, 4, 7, 6, 9, 8, 1, 10 ] ],
]; 
### end of file ###