# 
# computed by Jin Kosaka and Hirotake Kurihara 
# using gap 4.12.2 
# 
GAQ_18 :=
[
# No.1
rec(
  G := Group( [ (1,2), ( 3, 4, 5, 6, 7, 8, 9,10,11) ] ),
  isConnected := false,
  matrix := 
   [ [ 1, 2, 3, 4, 5, 6, 7, 8, 9, 10, 11, 12, 13, 14, 15, 16, 17, 18 ], 
      [ 1, 2, 3, 4, 5, 6, 7, 8, 9, 10, 11, 12, 13, 14, 15, 16, 17, 18 ], 
      [ 1, 2, 3, 4, 5, 6, 7, 8, 9, 10, 11, 12, 13, 14, 15, 16, 17, 18 ], 
      [ 1, 2, 3, 4, 5, 6, 7, 8, 9, 10, 11, 12, 13, 14, 15, 16, 17, 18 ], 
      [ 1, 2, 3, 4, 5, 6, 7, 8, 9, 10, 11, 12, 13, 14, 15, 16, 17, 18 ], 
      [ 1, 2, 3, 4, 5, 6, 7, 8, 9, 10, 11, 12, 13, 14, 15, 16, 17, 18 ], 
      [ 1, 2, 3, 4, 5, 6, 7, 8, 9, 10, 11, 12, 13, 14, 15, 16, 17, 18 ], 
      [ 1, 2, 3, 4, 5, 6, 7, 8, 9, 10, 11, 12, 13, 14, 15, 16, 17, 18 ], 
      [ 1, 2, 3, 4, 5, 6, 7, 8, 9, 10, 11, 12, 13, 14, 15, 16, 17, 18 ], 
      [ 1, 2, 3, 4, 5, 6, 7, 8, 9, 10, 11, 12, 13, 14, 15, 16, 17, 18 ], 
      [ 1, 2, 3, 4, 5, 6, 7, 8, 9, 10, 11, 12, 13, 14, 15, 16, 17, 18 ], 
      [ 1, 2, 3, 4, 5, 6, 7, 8, 9, 10, 11, 12, 13, 14, 15, 16, 17, 18 ], 
      [ 1, 2, 3, 4, 5, 6, 7, 8, 9, 10, 11, 12, 13, 14, 15, 16, 17, 18 ], 
      [ 1, 2, 3, 4, 5, 6, 7, 8, 9, 10, 11, 12, 13, 14, 15, 16, 17, 18 ], 
      [ 1, 2, 3, 4, 5, 6, 7, 8, 9, 10, 11, 12, 13, 14, 15, 16, 17, 18 ], 
      [ 1, 2, 3, 4, 5, 6, 7, 8, 9, 10, 11, 12, 13, 14, 15, 16, 17, 18 ], 
      [ 1, 2, 3, 4, 5, 6, 7, 8, 9, 10, 11, 12, 13, 14, 15, 16, 17, 18 ], 
      [ 1, 2, 3, 4, 5, 6, 7, 8, 9, 10, 11, 12, 13, 14, 15, 16, 17, 18 ] ],
  ordFix := 18,
  ordf := 1,
  psi := GroupHomomorphismByImages( Group( 
    [ (1,2), ( 3, 4, 5, 6, 7, 8, 9,10,11) ] ), Group( 
    [ (1,2), ( 3, 4, 5, 6, 7, 8, 9,10,11) ] ), 
    [ (1,2), ( 3, 4, 5, 6, 7, 8, 9,10,11) ], 
    [ (1,2), ( 3, 4, 5, 6, 7, 8, 9,10,11) ] ) ),
# No.2
rec(
  G := Group( [ (1,2), ( 3, 4, 5, 6, 7, 8, 9,10,11) ] ),
  isConnected := false,
  matrix := 
   [ [ 1, 2, 14, 4, 16, 6, 13, 3, 9, 15, 5, 12, 17, 8, 18, 11, 7, 10 ], 
      [ 1, 2, 14, 4, 16, 6, 13, 3, 9, 15, 5, 12, 17, 8, 18, 11, 7, 10 ], 
      [ 4, 6, 3, 9, 5, 12, 17, 8, 1, 18, 11, 2, 7, 14, 10, 16, 13, 15 ], 
      [ 1, 2, 14, 4, 16, 6, 13, 3, 9, 15, 5, 12, 17, 8, 18, 11, 7, 10 ], 
      [ 4, 6, 3, 9, 5, 12, 17, 8, 1, 18, 11, 2, 7, 14, 10, 16, 13, 15 ], 
      [ 1, 2, 14, 4, 16, 6, 13, 3, 9, 15, 5, 12, 17, 8, 18, 11, 7, 10 ], 
      [ 9, 12, 8, 1, 11, 2, 7, 14, 4, 10, 16, 6, 13, 3, 15, 5, 17, 18 ], 
      [ 4, 6, 3, 9, 5, 12, 17, 8, 1, 18, 11, 2, 7, 14, 10, 16, 13, 15 ], 
      [ 1, 2, 14, 4, 16, 6, 13, 3, 9, 15, 5, 12, 17, 8, 18, 11, 7, 10 ], 
      [ 9, 12, 8, 1, 11, 2, 7, 14, 4, 10, 16, 6, 13, 3, 15, 5, 17, 18 ], 
      [ 4, 6, 3, 9, 5, 12, 17, 8, 1, 18, 11, 2, 7, 14, 10, 16, 13, 15 ], 
      [ 1, 2, 14, 4, 16, 6, 13, 3, 9, 15, 5, 12, 17, 8, 18, 11, 7, 10 ], 
      [ 9, 12, 8, 1, 11, 2, 7, 14, 4, 10, 16, 6, 13, 3, 15, 5, 17, 18 ], 
      [ 4, 6, 3, 9, 5, 12, 17, 8, 1, 18, 11, 2, 7, 14, 10, 16, 13, 15 ], 
      [ 9, 12, 8, 1, 11, 2, 7, 14, 4, 10, 16, 6, 13, 3, 15, 5, 17, 18 ], 
      [ 4, 6, 3, 9, 5, 12, 17, 8, 1, 18, 11, 2, 7, 14, 10, 16, 13, 15 ], 
      [ 9, 12, 8, 1, 11, 2, 7, 14, 4, 10, 16, 6, 13, 3, 15, 5, 17, 18 ], 
      [ 9, 12, 8, 1, 11, 2, 7, 14, 4, 10, 16, 6, 13, 3, 15, 5, 17, 18 ] ],
  ordFix := 6,
  ordf := 3,
  psi := GroupHomomorphismByImages( Group( 
    [ (1,2), ( 3, 4, 5, 6, 7, 8, 9,10,11) ] ), Group( 
    [ (1,2), ( 3, 4, 5, 6, 7, 8, 9,10,11) ] ), 
    [ (1,2), ( 3, 4, 5, 6, 7, 8, 9,10,11) ], 
    [ (1,2), ( 3,10, 8, 6, 4,11, 9, 7, 5) ] ) ),
# No.3
rec(
  G := Group( [ (1,2), (3,4,5), (6,7,8) ] ),
  isConnected := false,
  matrix := 
   [ [ 1, 2, 8, 9, 11, 12, 17, 3, 4, 18, 5, 6, 13, 14, 15, 16, 7, 10 ], 
      [ 1, 2, 8, 9, 11, 12, 17, 3, 4, 18, 5, 6, 13, 14, 15, 16, 7, 10 ], 
      [ 9, 12, 3, 4, 5, 6, 13, 14, 1, 15, 16, 2, 7, 8, 10, 11, 17, 18 ], 
      [ 9, 12, 3, 4, 5, 6, 13, 14, 1, 15, 16, 2, 7, 8, 10, 11, 17, 18 ], 
      [ 9, 12, 3, 4, 5, 6, 13, 14, 1, 15, 16, 2, 7, 8, 10, 11, 17, 18 ], 
      [ 9, 12, 3, 4, 5, 6, 13, 14, 1, 15, 16, 2, 7, 8, 10, 11, 17, 18 ], 
      [ 4, 6, 14, 1, 16, 2, 7, 8, 9, 10, 11, 12, 17, 3, 18, 5, 13, 15 ], 
      [ 4, 6, 14, 1, 16, 2, 7, 8, 9, 10, 11, 12, 17, 3, 18, 5, 13, 15 ], 
      [ 4, 6, 14, 1, 16, 2, 7, 8, 9, 10, 11, 12, 17, 3, 18, 5, 13, 15 ], 
      [ 4, 6, 14, 1, 16, 2, 7, 8, 9, 10, 11, 12, 17, 3, 18, 5, 13, 15 ], 
      [ 4, 6, 14, 1, 16, 2, 7, 8, 9, 10, 11, 12, 17, 3, 18, 5, 13, 15 ], 
      [ 4, 6, 14, 1, 16, 2, 7, 8, 9, 10, 11, 12, 17, 3, 18, 5, 13, 15 ], 
      [ 1, 2, 8, 9, 11, 12, 17, 3, 4, 18, 5, 6, 13, 14, 15, 16, 7, 10 ], 
      [ 1, 2, 8, 9, 11, 12, 17, 3, 4, 18, 5, 6, 13, 14, 15, 16, 7, 10 ], 
      [ 1, 2, 8, 9, 11, 12, 17, 3, 4, 18, 5, 6, 13, 14, 15, 16, 7, 10 ], 
      [ 1, 2, 8, 9, 11, 12, 17, 3, 4, 18, 5, 6, 13, 14, 15, 16, 7, 10 ], 
      [ 9, 12, 3, 4, 5, 6, 13, 14, 1, 15, 16, 2, 7, 8, 10, 11, 17, 18 ], 
      [ 9, 12, 3, 4, 5, 6, 13, 14, 1, 15, 16, 2, 7, 8, 10, 11, 17, 18 ] ],
  ordFix := 6,
  ordf := 2,
  psi := GroupHomomorphismByImages( Group( [ (1,2), (3,4,5), (6,7,8) 
     ] ), Group( [ (1,2), (3,4,5), (6,7,8) ] ), [ (1,2), (3,4,5), (6,7,8) ], 
    [ (1,2), (3,5,4), (6,7,8) ] ) ),
# No.4
rec(
  G := Group( [ (1,2), ( 3, 4, 5, 6, 7, 8, 9,10,11) ] ),
  isConnected := false,
  matrix := 
   [ [ 1, 2, 13, 9, 15, 12, 3, 7, 4, 5, 10, 6, 14, 17, 16, 18, 8, 11 ], 
      [ 1, 2, 13, 9, 15, 12, 3, 7, 4, 5, 10, 6, 14, 17, 16, 18, 8, 11 ], 
      [ 13, 15, 3, 7, 5, 10, 9, 14, 17, 12, 16, 18, 4, 8, 6, 11, 1, 2 ], 
      [ 9, 12, 7, 4, 10, 6, 14, 17, 1, 16, 18, 2, 8, 13, 11, 15, 3, 5 ], 
      [ 13, 15, 3, 7, 5, 10, 9, 14, 17, 12, 16, 18, 4, 8, 6, 11, 1, 2 ], 
      [ 9, 12, 7, 4, 10, 6, 14, 17, 1, 16, 18, 2, 8, 13, 11, 15, 3, 5 ], 
      [ 3, 5, 9, 14, 12, 16, 7, 4, 8, 10, 6, 11, 17, 1, 18, 2, 13, 15 ], 
      [ 7, 10, 14, 17, 16, 18, 4, 8, 13, 6, 11, 15, 1, 3, 2, 5, 9, 12 ], 
      [ 4, 6, 17, 1, 18, 2, 8, 13, 9, 11, 15, 12, 3, 7, 5, 10, 14, 16 ], 
      [ 3, 5, 9, 14, 12, 16, 7, 4, 8, 10, 6, 11, 17, 1, 18, 2, 13, 15 ], 
      [ 7, 10, 14, 17, 16, 18, 4, 8, 13, 6, 11, 15, 1, 3, 2, 5, 9, 12 ], 
      [ 4, 6, 17, 1, 18, 2, 8, 13, 9, 11, 15, 12, 3, 7, 5, 10, 14, 16 ], 
      [ 14, 16, 4, 8, 6, 11, 17, 1, 3, 18, 2, 5, 13, 9, 15, 12, 7, 10 ], 
      [ 17, 18, 8, 13, 11, 15, 1, 3, 7, 2, 5, 10, 9, 14, 12, 16, 4, 6 ], 
      [ 14, 16, 4, 8, 6, 11, 17, 1, 3, 18, 2, 5, 13, 9, 15, 12, 7, 10 ], 
      [ 17, 18, 8, 13, 11, 15, 1, 3, 7, 2, 5, 10, 9, 14, 12, 16, 4, 6 ], 
      [ 8, 11, 1, 3, 2, 5, 13, 9, 14, 15, 12, 16, 7, 4, 10, 6, 17, 18 ], 
      [ 8, 11, 1, 3, 2, 5, 13, 9, 14, 15, 12, 16, 7, 4, 10, 6, 17, 18 ] ],
  ordFix := 2,
  ordf := 6,
  psi := GroupHomomorphismByImages( Group( 
    [ (1,2), ( 3, 4, 5, 6, 7, 8, 9,10,11) ] ), Group( 
    [ (1,2), ( 3, 4, 5, 6, 7, 8, 9,10,11) ] ), 
    [ (1,2), ( 3, 4, 5, 6, 7, 8, 9,10,11) ], 
    [ (1,2), ( 3, 8, 4, 9, 5,10, 6,11, 7) ] ) ),
# No.5
rec(
  G := Group( [ (1,2), ( 3, 4, 5, 6, 7, 8, 9,10,11) ] ),
  isConnected := false,
  matrix := 
   [ [ 1, 2, 17, 9, 18, 12, 14, 13, 4, 16, 15, 6, 8, 7, 11, 10, 3, 5 ], 
      [ 1, 2, 17, 9, 18, 12, 14, 13, 4, 16, 15, 6, 8, 7, 11, 10, 3, 5 ], 
      [ 7, 10, 3, 17, 5, 18, 1, 14, 13, 2, 16, 15, 9, 8, 12, 11, 4, 6 ], 
      [ 9, 12, 13, 4, 15, 6, 8, 7, 1, 11, 10, 2, 3, 17, 5, 18, 14, 16 ], 
      [ 7, 10, 3, 17, 5, 18, 1, 14, 13, 2, 16, 15, 9, 8, 12, 11, 4, 6 ], 
      [ 9, 12, 13, 4, 15, 6, 8, 7, 1, 11, 10, 2, 3, 17, 5, 18, 14, 16 ], 
      [ 8, 11, 4, 3, 6, 5, 7, 1, 14, 10, 2, 16, 17, 9, 18, 12, 13, 15 ], 
      [ 17, 18, 14, 13, 16, 15, 9, 8, 7, 12, 11, 10, 4, 3, 6, 5, 1, 2 ], 
      [ 4, 6, 7, 1, 10, 2, 3, 17, 9, 5, 18, 12, 14, 13, 16, 15, 8, 11 ], 
      [ 8, 11, 4, 3, 6, 5, 7, 1, 14, 10, 2, 16, 17, 9, 18, 12, 13, 15 ], 
      [ 17, 18, 14, 13, 16, 15, 9, 8, 7, 12, 11, 10, 4, 3, 6, 5, 1, 2 ], 
      [ 4, 6, 7, 1, 10, 2, 3, 17, 9, 5, 18, 12, 14, 13, 16, 15, 8, 11 ], 
      [ 3, 5, 1, 14, 2, 16, 17, 9, 8, 18, 12, 11, 13, 4, 15, 6, 7, 10 ], 
      [ 13, 15, 8, 7, 11, 10, 4, 3, 17, 6, 5, 18, 1, 14, 2, 16, 9, 12 ], 
      [ 3, 5, 1, 14, 2, 16, 17, 9, 8, 18, 12, 11, 13, 4, 15, 6, 7, 10 ], 
      [ 13, 15, 8, 7, 11, 10, 4, 3, 17, 6, 5, 18, 1, 14, 2, 16, 9, 12 ], 
      [ 14, 16, 9, 8, 12, 11, 13, 4, 3, 15, 6, 5, 7, 1, 10, 2, 17, 18 ], 
      [ 14, 16, 9, 8, 12, 11, 13, 4, 3, 15, 6, 5, 7, 1, 10, 2, 17, 18 ] ],
  ordFix := 2,
  ordf := 2,
  psi := GroupHomomorphismByImages( Group( 
    [ (1,2), ( 3, 4, 5, 6, 7, 8, 9,10,11) ] ), Group( 
    [ (1,2), ( 3, 4, 5, 6, 7, 8, 9,10,11) ] ), 
    [ (1,2), ( 3, 4, 5, 6, 7, 8, 9,10,11) ], 
    [ (1,2), ( 3,11,10, 9, 8, 7, 6, 5, 4) ] ) ),
# No.6
rec(
  G := Group( [ (1,2), ( 3, 4, 5, 6, 7, 8, 9,10,11) ] ),
  isConnected := false,
  matrix := 
   [ [ 1, 2, 7, 9, 10, 12, 8, 17, 4, 11, 18, 6, 3, 13, 5, 15, 14, 16 ], 
      [ 1, 2, 7, 9, 10, 12, 8, 17, 4, 11, 18, 6, 3, 13, 5, 15, 14, 16 ], 
      [ 17, 18, 3, 13, 5, 15, 4, 14, 7, 6, 16, 10, 1, 8, 2, 11, 9, 12 ], 
      [ 9, 12, 17, 4, 18, 6, 3, 13, 1, 5, 15, 2, 14, 7, 16, 10, 8, 11 ], 
      [ 17, 18, 3, 13, 5, 15, 4, 14, 7, 6, 16, 10, 1, 8, 2, 11, 9, 12 ], 
      [ 9, 12, 17, 4, 18, 6, 3, 13, 1, 5, 15, 2, 14, 7, 16, 10, 8, 11 ], 
      [ 14, 16, 1, 8, 2, 11, 7, 9, 3, 10, 12, 5, 17, 4, 18, 6, 13, 15 ], 
      [ 13, 15, 14, 7, 16, 10, 1, 8, 17, 2, 11, 18, 9, 3, 12, 5, 4, 6 ], 
      [ 4, 6, 13, 1, 15, 2, 14, 7, 9, 16, 10, 12, 8, 17, 11, 18, 3, 5 ], 
      [ 14, 16, 1, 8, 2, 11, 7, 9, 3, 10, 12, 5, 17, 4, 18, 6, 13, 15 ], 
      [ 13, 15, 14, 7, 16, 10, 1, 8, 17, 2, 11, 18, 9, 3, 12, 5, 4, 6 ], 
      [ 4, 6, 13, 1, 15, 2, 14, 7, 9, 16, 10, 12, 8, 17, 11, 18, 3, 5 ], 
      [ 8, 11, 9, 3, 12, 5, 17, 4, 14, 18, 6, 16, 13, 1, 15, 2, 7, 10 ], 
      [ 7, 10, 8, 17, 11, 18, 9, 3, 13, 12, 5, 15, 4, 14, 6, 16, 1, 2 ], 
      [ 8, 11, 9, 3, 12, 5, 17, 4, 14, 18, 6, 16, 13, 1, 15, 2, 7, 10 ], 
      [ 7, 10, 8, 17, 11, 18, 9, 3, 13, 12, 5, 15, 4, 14, 6, 16, 1, 2 ], 
      [ 3, 5, 4, 14, 6, 16, 13, 1, 8, 15, 2, 11, 7, 9, 10, 12, 17, 18 ], 
      [ 3, 5, 4, 14, 6, 16, 13, 1, 8, 15, 2, 11, 7, 9, 10, 12, 17, 18 ] ],
  ordFix := 2,
  ordf := 6,
  psi := GroupHomomorphismByImages( Group( 
    [ (1,2), ( 3, 4, 5, 6, 7, 8, 9,10,11) ] ), Group( 
    [ (1,2), ( 3, 4, 5, 6, 7, 8, 9,10,11) ] ), 
    [ (1,2), ( 3, 4, 5, 6, 7, 8, 9,10,11) ], 
    [ (1,2), ( 3, 5, 7, 9,11, 4, 6, 8,10) ] ) ),
# No.7
rec(
  G := Group( [ (1,2), (3,4,5), (6,7,8) ] ),
  isConnected := false,
  matrix := 
   [ [ 1, 2, 13, 17, 15, 18, 14, 3, 8, 16, 5, 11, 4, 9, 6, 12, 7, 10 ], 
      [ 1, 2, 13, 17, 15, 18, 14, 3, 8, 16, 5, 11, 4, 9, 6, 12, 7, 10 ], 
      [ 17, 18, 3, 8, 5, 11, 4, 9, 1, 6, 12, 2, 7, 13, 10, 15, 14, 16 ], 
      [ 14, 16, 1, 4, 2, 6, 13, 17, 7, 15, 18, 10, 3, 8, 5, 11, 9, 12 ], 
      [ 17, 18, 3, 8, 5, 11, 4, 9, 1, 6, 12, 2, 7, 13, 10, 15, 14, 16 ], 
      [ 14, 16, 1, 4, 2, 6, 13, 17, 7, 15, 18, 10, 3, 8, 5, 11, 9, 12 ], 
      [ 8, 11, 9, 1, 12, 2, 7, 13, 17, 10, 15, 18, 14, 3, 16, 5, 4, 6 ], 
      [ 4, 6, 17, 7, 18, 10, 3, 8, 14, 5, 11, 16, 9, 1, 12, 2, 13, 15 ], 
      [ 13, 15, 14, 3, 16, 5, 1, 4, 9, 2, 6, 12, 17, 7, 18, 10, 8, 11 ], 
      [ 8, 11, 9, 1, 12, 2, 7, 13, 17, 10, 15, 18, 14, 3, 16, 5, 4, 6 ], 
      [ 4, 6, 17, 7, 18, 10, 3, 8, 14, 5, 11, 16, 9, 1, 12, 2, 13, 15 ], 
      [ 13, 15, 14, 3, 16, 5, 1, 4, 9, 2, 6, 12, 17, 7, 18, 10, 8, 11 ], 
      [ 7, 10, 8, 14, 11, 16, 9, 1, 4, 12, 2, 6, 13, 17, 15, 18, 3, 5 ], 
      [ 3, 5, 4, 9, 6, 12, 17, 7, 13, 18, 10, 15, 8, 14, 11, 16, 1, 2 ], 
      [ 7, 10, 8, 14, 11, 16, 9, 1, 4, 12, 2, 6, 13, 17, 15, 18, 3, 5 ], 
      [ 3, 5, 4, 9, 6, 12, 17, 7, 13, 18, 10, 15, 8, 14, 11, 16, 1, 2 ], 
      [ 9, 12, 7, 13, 10, 15, 8, 14, 3, 11, 16, 5, 1, 4, 2, 6, 17, 18 ], 
      [ 9, 12, 7, 13, 10, 15, 8, 14, 3, 11, 16, 5, 1, 4, 2, 6, 17, 18 ] ],
  ordFix := 2,
  ordf := 8,
  psi := GroupHomomorphismByImages( Group( [ (1,2), (3,4,5), (6,7,8) 
     ] ), Group( [ (1,2), (3,4,5), (6,7,8) ] ), [ (1,2), (3,4,5), (6,7,8) ], 
    [ (1,2), (3,4,5)(6,8,7), (3,5,4) ] ) ),
# No.8
rec(
  G := Group( [ (1,2), (3,4,5), (6,7,8) ] ),
  isConnected := false,
  matrix := 
   [ [ 1, 2, 9, 8, 12, 11, 4, 3, 17, 6, 5, 18, 14, 13, 16, 15, 7, 10 ], 
      [ 1, 2, 9, 8, 12, 11, 4, 3, 17, 6, 5, 18, 14, 13, 16, 15, 7, 10 ], 
      [ 8, 11, 3, 17, 5, 18, 14, 13, 1, 16, 15, 2, 7, 9, 10, 12, 4, 6 ], 
      [ 7, 10, 17, 4, 18, 6, 13, 1, 14, 15, 2, 16, 9, 8, 12, 11, 3, 5 ], 
      [ 8, 11, 3, 17, 5, 18, 14, 13, 1, 16, 15, 2, 7, 9, 10, 12, 4, 6 ], 
      [ 7, 10, 17, 4, 18, 6, 13, 1, 14, 15, 2, 16, 9, 8, 12, 11, 3, 5 ], 
      [ 17, 18, 13, 1, 15, 2, 7, 9, 8, 10, 12, 11, 4, 3, 6, 5, 14, 16 ], 
      [ 4, 6, 1, 14, 2, 16, 9, 8, 7, 12, 11, 10, 3, 17, 5, 18, 13, 15 ], 
      [ 3, 5, 14, 13, 16, 15, 8, 7, 9, 11, 10, 12, 17, 4, 18, 6, 1, 2 ], 
      [ 17, 18, 13, 1, 15, 2, 7, 9, 8, 10, 12, 11, 4, 3, 6, 5, 14, 16 ], 
      [ 4, 6, 1, 14, 2, 16, 9, 8, 7, 12, 11, 10, 3, 17, 5, 18, 13, 15 ], 
      [ 3, 5, 14, 13, 16, 15, 8, 7, 9, 11, 10, 12, 17, 4, 18, 6, 1, 2 ], 
      [ 14, 16, 8, 7, 11, 10, 3, 17, 4, 5, 18, 6, 13, 1, 15, 2, 9, 12 ], 
      [ 13, 15, 7, 9, 10, 12, 17, 4, 3, 18, 6, 5, 1, 14, 2, 16, 8, 11 ], 
      [ 14, 16, 8, 7, 11, 10, 3, 17, 4, 5, 18, 6, 13, 1, 15, 2, 9, 12 ], 
      [ 13, 15, 7, 9, 10, 12, 17, 4, 3, 18, 6, 5, 1, 14, 2, 16, 8, 11 ], 
      [ 9, 12, 4, 3, 6, 5, 1, 14, 13, 2, 16, 15, 8, 7, 11, 10, 17, 18 ], 
      [ 9, 12, 4, 3, 6, 5, 1, 14, 13, 2, 16, 15, 8, 7, 11, 10, 17, 18 ] ],
  ordFix := 2,
  ordf := 6,
  psi := GroupHomomorphismByImages( Group( [ (1,2), (3,4,5), (6,7,8) 
     ] ), Group( [ (1,2), (3,4,5), (6,7,8) ] ), [ (1,2), (3,4,5), (6,7,8) ], 
    [ (1,2), (3,5,4)(6,7,8), (6,8,7) ] ) ),
# No.9
rec(
  G := Group( [ (1,2), (3,4,5), (6,7,8) ] ),
  isConnected := false,
  matrix := 
   [ [ 1, 2, 4, 14, 6, 16, 9, 3, 13, 12, 5, 15, 8, 17, 11, 18, 7, 10 ], 
      [ 1, 2, 4, 14, 6, 16, 9, 3, 13, 12, 5, 15, 8, 17, 11, 18, 7, 10 ], 
      [ 14, 16, 3, 13, 5, 15, 8, 17, 1, 11, 18, 2, 7, 4, 10, 6, 9, 12 ], 
      [ 17, 18, 7, 4, 10, 6, 13, 9, 3, 15, 12, 5, 1, 8, 2, 11, 14, 16 ], 
      [ 14, 16, 3, 13, 5, 15, 8, 17, 1, 11, 18, 2, 7, 4, 10, 6, 9, 12 ], 
      [ 17, 18, 7, 4, 10, 6, 13, 9, 3, 15, 12, 5, 1, 8, 2, 11, 14, 16 ], 
      [ 13, 15, 17, 1, 18, 2, 7, 4, 14, 10, 6, 16, 9, 3, 12, 5, 8, 11 ], 
      [ 4, 6, 9, 3, 12, 5, 1, 8, 17, 2, 11, 18, 14, 7, 16, 10, 13, 15 ], 
      [ 8, 11, 14, 7, 16, 10, 3, 13, 9, 5, 15, 12, 17, 1, 18, 2, 4, 6 ], 
      [ 13, 15, 17, 1, 18, 2, 7, 4, 14, 10, 6, 16, 9, 3, 12, 5, 8, 11 ], 
      [ 4, 6, 9, 3, 12, 5, 1, 8, 17, 2, 11, 18, 14, 7, 16, 10, 13, 15 ], 
      [ 8, 11, 14, 7, 16, 10, 3, 13, 9, 5, 15, 12, 17, 1, 18, 2, 4, 6 ], 
      [ 3, 5, 8, 17, 11, 18, 14, 7, 4, 16, 10, 6, 13, 9, 15, 12, 1, 2 ], 
      [ 7, 10, 13, 9, 15, 12, 17, 1, 8, 18, 2, 11, 4, 14, 6, 16, 3, 5 ], 
      [ 3, 5, 8, 17, 11, 18, 14, 7, 4, 16, 10, 6, 13, 9, 15, 12, 1, 2 ], 
      [ 7, 10, 13, 9, 15, 12, 17, 1, 8, 18, 2, 11, 4, 14, 6, 16, 3, 5 ], 
      [ 9, 12, 1, 8, 2, 11, 4, 14, 7, 6, 16, 10, 3, 13, 5, 15, 17, 18 ], 
      [ 9, 12, 1, 8, 2, 11, 4, 14, 7, 6, 16, 10, 3, 13, 5, 15, 17, 18 ] ],
  ordFix := 2,
  ordf := 8,
  psi := GroupHomomorphismByImages( Group( [ (1,2), (3,4,5), (6,7,8) 
     ] ), Group( [ (1,2), (3,4,5), (6,7,8) ] ), [ (1,2), (3,4,5), (6,7,8) ], 
    [ (1,2), (6,7,8), (3,4,5)(6,8,7) ] ) ),
# No.10
rec(
  G := Group( [ (1,2), (3,4,5), (6,7,8) ] ),
  isConnected := false,
  matrix := 
   [ [ 1, 2, 17, 13, 18, 15, 8, 3, 14, 11, 5, 16, 9, 4, 12, 6, 7, 10 ], 
      [ 1, 2, 17, 13, 18, 15, 8, 3, 14, 11, 5, 16, 9, 4, 12, 6, 7, 10 ], 
      [ 13, 15, 3, 14, 5, 16, 9, 4, 1, 12, 6, 2, 7, 17, 10, 18, 8, 11 ], 
      [ 3, 5, 9, 4, 12, 6, 13, 7, 17, 15, 10, 18, 14, 8, 16, 11, 1, 2 ], 
      [ 13, 15, 3, 14, 5, 16, 9, 4, 1, 12, 6, 2, 7, 17, 10, 18, 8, 11 ], 
      [ 3, 5, 9, 4, 12, 6, 13, 7, 17, 15, 10, 18, 14, 8, 16, 11, 1, 2 ], 
      [ 14, 16, 4, 1, 6, 2, 7, 17, 13, 10, 18, 15, 8, 3, 11, 5, 9, 12 ], 
      [ 4, 6, 7, 17, 10, 18, 14, 8, 3, 16, 11, 5, 1, 9, 2, 12, 13, 15 ], 
      [ 7, 10, 14, 8, 16, 11, 4, 1, 9, 6, 2, 12, 17, 13, 18, 15, 3, 5 ], 
      [ 14, 16, 4, 1, 6, 2, 7, 17, 13, 10, 18, 15, 8, 3, 11, 5, 9, 12 ], 
      [ 4, 6, 7, 17, 10, 18, 14, 8, 3, 16, 11, 5, 1, 9, 2, 12, 13, 15 ], 
      [ 7, 10, 14, 8, 16, 11, 4, 1, 9, 6, 2, 12, 17, 13, 18, 15, 3, 5 ], 
      [ 17, 18, 8, 3, 11, 5, 1, 9, 4, 2, 12, 6, 13, 7, 15, 10, 14, 16 ], 
      [ 8, 11, 1, 9, 2, 12, 17, 13, 7, 18, 15, 10, 3, 14, 5, 16, 4, 6 ], 
      [ 17, 18, 8, 3, 11, 5, 1, 9, 4, 2, 12, 6, 13, 7, 15, 10, 14, 16 ], 
      [ 8, 11, 1, 9, 2, 12, 17, 13, 7, 18, 15, 10, 3, 14, 5, 16, 4, 6 ], 
      [ 9, 12, 13, 7, 15, 10, 3, 14, 8, 5, 16, 11, 4, 1, 6, 2, 17, 18 ], 
      [ 9, 12, 13, 7, 15, 10, 3, 14, 8, 5, 16, 11, 4, 1, 6, 2, 17, 18 ] ],
  ordFix := 2,
  ordf := 4,
  psi := GroupHomomorphismByImages( Group( [ (1,2), (3,4,5), (6,7,8) 
     ] ), Group( [ (1,2), (3,4,5), (6,7,8) ] ), [ (1,2), (3,4,5), (6,7,8) ], 
    [ (1,2), (6,8,7), (3,4,5) ] ) ),
# No.11
rec(
  G := Group( [ (1,2), (3,4,5), (6,7,8) ] ),
  isConnected := false,
  matrix := 
   [ [ 1, 2, 7, 9, 10, 12, 3, 17, 4, 5, 18, 6, 14, 13, 16, 15, 8, 11 ], 
      [ 1, 2, 7, 9, 10, 12, 3, 17, 4, 5, 18, 6, 14, 13, 16, 15, 8, 11 ], 
      [ 7, 10, 3, 17, 5, 18, 1, 14, 13, 2, 16, 15, 9, 8, 12, 11, 4, 6 ], 
      [ 9, 12, 17, 4, 18, 6, 14, 13, 1, 16, 15, 2, 8, 7, 11, 10, 3, 5 ], 
      [ 7, 10, 3, 17, 5, 18, 1, 14, 13, 2, 16, 15, 9, 8, 12, 11, 4, 6 ], 
      [ 9, 12, 17, 4, 18, 6, 14, 13, 1, 16, 15, 2, 8, 7, 11, 10, 3, 5 ], 
      [ 3, 5, 1, 14, 2, 16, 7, 9, 8, 10, 12, 11, 17, 4, 18, 6, 13, 15 ], 
      [ 17, 18, 14, 13, 16, 15, 9, 8, 7, 12, 11, 10, 4, 3, 6, 5, 1, 2 ], 
      [ 4, 6, 13, 1, 15, 2, 8, 7, 9, 11, 10, 12, 3, 17, 5, 18, 14, 16 ], 
      [ 3, 5, 1, 14, 2, 16, 7, 9, 8, 10, 12, 11, 17, 4, 18, 6, 13, 15 ], 
      [ 17, 18, 14, 13, 16, 15, 9, 8, 7, 12, 11, 10, 4, 3, 6, 5, 1, 2 ], 
      [ 4, 6, 13, 1, 15, 2, 8, 7, 9, 11, 10, 12, 3, 17, 5, 18, 14, 16 ], 
      [ 14, 16, 9, 8, 12, 11, 17, 4, 3, 18, 6, 5, 13, 1, 15, 2, 7, 10 ], 
      [ 13, 15, 8, 7, 11, 10, 4, 3, 17, 6, 5, 18, 1, 14, 2, 16, 9, 12 ], 
      [ 14, 16, 9, 8, 12, 11, 17, 4, 3, 18, 6, 5, 13, 1, 15, 2, 7, 10 ], 
      [ 13, 15, 8, 7, 11, 10, 4, 3, 17, 6, 5, 18, 1, 14, 2, 16, 9, 12 ], 
      [ 8, 11, 4, 3, 6, 5, 13, 1, 14, 15, 2, 16, 7, 9, 10, 12, 17, 18 ], 
      [ 8, 11, 4, 3, 6, 5, 13, 1, 14, 15, 2, 16, 7, 9, 10, 12, 17, 18 ] ],
  ordFix := 2,
  ordf := 2,
  psi := GroupHomomorphismByImages( Group( [ (1,2), (3,4,5), (6,7,8) 
     ] ), Group( [ (1,2), (3,4,5), (6,7,8) ] ), [ (1,2), (3,4,5), (6,7,8) ], 
    [ (1,2), (3,5,4), (6,8,7) ] ) ),
# No.12
rec(
  G := Group( [ (2,9)(3,6)(4,8)(5,7), (1,2,4,3,5,7,6,8,9), 
      (1,3,6)(2,5,8)(4,7,9) ] ),
  isConnected := false,
  matrix := 
   [ [ 1, 15, 3, 4, 12, 18, 7, 8, 9, 16, 2, 10, 13, 14, 5, 6, 17, 11 ], 
      [ 8, 2, 13, 14, 5, 6, 9, 17, 3, 10, 11, 12, 1, 7, 15, 16, 4, 18 ], 
      [ 1, 15, 3, 4, 12, 18, 7, 8, 9, 16, 2, 10, 13, 14, 5, 6, 17, 11 ], 
      [ 1, 15, 3, 4, 12, 18, 7, 8, 9, 16, 2, 10, 13, 14, 5, 6, 17, 11 ], 
      [ 8, 2, 13, 14, 5, 6, 9, 17, 3, 10, 11, 12, 1, 7, 15, 16, 4, 18 ], 
      [ 8, 2, 13, 14, 5, 6, 9, 17, 3, 10, 11, 12, 1, 7, 15, 16, 4, 18 ], 
      [ 1, 15, 3, 4, 12, 18, 7, 8, 9, 16, 2, 10, 13, 14, 5, 6, 17, 11 ], 
      [ 1, 15, 3, 4, 12, 18, 7, 8, 9, 16, 2, 10, 13, 14, 5, 6, 17, 11 ], 
      [ 1, 15, 3, 4, 12, 18, 7, 8, 9, 16, 2, 10, 13, 14, 5, 6, 17, 11 ], 
      [ 8, 2, 13, 14, 5, 6, 9, 17, 3, 10, 11, 12, 1, 7, 15, 16, 4, 18 ], 
      [ 8, 2, 13, 14, 5, 6, 9, 17, 3, 10, 11, 12, 1, 7, 15, 16, 4, 18 ], 
      [ 8, 2, 13, 14, 5, 6, 9, 17, 3, 10, 11, 12, 1, 7, 15, 16, 4, 18 ], 
      [ 1, 15, 3, 4, 12, 18, 7, 8, 9, 16, 2, 10, 13, 14, 5, 6, 17, 11 ], 
      [ 1, 15, 3, 4, 12, 18, 7, 8, 9, 16, 2, 10, 13, 14, 5, 6, 17, 11 ], 
      [ 8, 2, 13, 14, 5, 6, 9, 17, 3, 10, 11, 12, 1, 7, 15, 16, 4, 18 ], 
      [ 8, 2, 13, 14, 5, 6, 9, 17, 3, 10, 11, 12, 1, 7, 15, 16, 4, 18 ], 
      [ 1, 15, 3, 4, 12, 18, 7, 8, 9, 16, 2, 10, 13, 14, 5, 6, 17, 11 ], 
      [ 8, 2, 13, 14, 5, 6, 9, 17, 3, 10, 11, 12, 1, 7, 15, 16, 4, 18 ] ],
  ordFix := 9,
  ordf := 9,
  psi := GroupGeneralMappingByImages( Group( 
    [ (2,9)(3,6)(4,8)(5,7), (1,2,4,3,5,7,6,8,9), (1,3,6)(2,5,8)(4,7,9) 
     ] ), Group( [ (2,9)(3,6)(4,8)(5,7), (1,2,4,3,5,7,6,8,9), 
      (1,3,6)(2,5,8)(4,7,9) ] ), [ (2,9)(3,6)(4,8)(5,7), (1,2,4,3,5,7,6,8,9), 
      (1,3,6)(2,5,8)(4,7,9) ], [ (1,7)(2,5)(3,4)(6,9), (1,2,4,3,5,7,6,8,9), 
      (1,3,6)(2,5,8)(4,7,9) ] ) ),
# No.13
rec(
  G := Group( [ (2,9)(3,6)(4,8)(5,7), (1,2,4,3,5,7,6,8,9), 
      (1,3,6)(2,5,8)(4,7,9) ] ),
  isConnected := false,
  matrix := 
   [ [ 1, 10, 8, 4, 12, 15, 17, 14, 9, 5, 2, 18, 7, 3, 11, 6, 13, 16 ], 
      [ 14, 2, 7, 3, 11, 6, 9, 13, 8, 18, 16, 12, 1, 17, 10, 5, 4, 15 ], 
      [ 9, 18, 3, 1, 6, 10, 13, 8, 4, 16, 12, 15, 17, 14, 5, 2, 7, 11 ], 
      [ 1, 10, 8, 4, 12, 15, 17, 14, 9, 5, 2, 18, 7, 3, 11, 6, 13, 16 ], 
      [ 8, 12, 17, 14, 5, 2, 4, 7, 3, 15, 11, 6, 9, 13, 18, 16, 1, 10 ], 
      [ 14, 2, 7, 3, 11, 6, 9, 13, 8, 18, 16, 12, 1, 17, 10, 5, 4, 15 ], 
      [ 4, 15, 14, 9, 2, 18, 7, 3, 1, 11, 6, 10, 13, 8, 16, 12, 17, 5 ], 
      [ 9, 18, 3, 1, 6, 10, 13, 8, 4, 16, 12, 15, 17, 14, 5, 2, 7, 11 ], 
      [ 1, 10, 8, 4, 12, 15, 17, 14, 9, 5, 2, 18, 7, 3, 11, 6, 13, 16 ], 
      [ 3, 6, 13, 8, 16, 12, 1, 17, 14, 10, 5, 2, 4, 7, 15, 11, 9, 18 ], 
      [ 8, 12, 17, 14, 5, 2, 4, 7, 3, 15, 11, 6, 9, 13, 18, 16, 1, 10 ], 
      [ 14, 2, 7, 3, 11, 6, 9, 13, 8, 18, 16, 12, 1, 17, 10, 5, 4, 15 ], 
      [ 4, 15, 14, 9, 2, 18, 7, 3, 1, 11, 6, 10, 13, 8, 16, 12, 17, 5 ], 
      [ 9, 18, 3, 1, 6, 10, 13, 8, 4, 16, 12, 15, 17, 14, 5, 2, 7, 11 ], 
      [ 3, 6, 13, 8, 16, 12, 1, 17, 14, 10, 5, 2, 4, 7, 15, 11, 9, 18 ], 
      [ 8, 12, 17, 14, 5, 2, 4, 7, 3, 15, 11, 6, 9, 13, 18, 16, 1, 10 ], 
      [ 4, 15, 14, 9, 2, 18, 7, 3, 1, 11, 6, 10, 13, 8, 16, 12, 17, 5 ], 
      [ 3, 6, 13, 8, 16, 12, 1, 17, 14, 10, 5, 2, 4, 7, 15, 11, 9, 18 ] ],
  ordFix := 3,
  ordf := 9,
  psi := GroupGeneralMappingByImages( Group( 
    [ (2,9)(3,6)(4,8)(5,7), (1,2,4,3,5,7,6,8,9), (1,3,6)(2,5,8)(4,7,9) 
     ] ), Group( [ (2,9)(3,6)(4,8)(5,7), (1,2,4,3,5,7,6,8,9), 
      (1,3,6)(2,5,8)(4,7,9) ] ), [ (2,9)(3,6)(4,8)(5,7), (1,2,4,3,5,7,6,8,9), 
      (1,3,6)(2,5,8)(4,7,9) ], [ (1,4)(3,9)(5,8)(6,7), (1,5,9,3,8,4,6,2,7), 
      (1,3,6)(2,5,8)(4,7,9) ] ) ),
# No.14
rec(
  G := Group( [ (2,9)(3,6)(4,8)(5,7), (1,2,4,3,5,7,6,8,9), 
      (1,3,6)(2,5,8)(4,7,9) ] ),
  isConnected := false,
  matrix := 
   [ [ 1, 12, 3, 4, 16, 2, 7, 8, 9, 18, 5, 6, 13, 14, 10, 11, 17, 15 ], 
      [ 4, 2, 8, 9, 5, 6, 13, 14, 1, 10, 11, 12, 17, 3, 15, 16, 7, 18 ], 
      [ 1, 12, 3, 4, 16, 2, 7, 8, 9, 18, 5, 6, 13, 14, 10, 11, 17, 15 ], 
      [ 1, 12, 3, 4, 16, 2, 7, 8, 9, 18, 5, 6, 13, 14, 10, 11, 17, 15 ], 
      [ 4, 2, 8, 9, 5, 6, 13, 14, 1, 10, 11, 12, 17, 3, 15, 16, 7, 18 ], 
      [ 4, 2, 8, 9, 5, 6, 13, 14, 1, 10, 11, 12, 17, 3, 15, 16, 7, 18 ], 
      [ 1, 12, 3, 4, 16, 2, 7, 8, 9, 18, 5, 6, 13, 14, 10, 11, 17, 15 ], 
      [ 1, 12, 3, 4, 16, 2, 7, 8, 9, 18, 5, 6, 13, 14, 10, 11, 17, 15 ], 
      [ 1, 12, 3, 4, 16, 2, 7, 8, 9, 18, 5, 6, 13, 14, 10, 11, 17, 15 ], 
      [ 4, 2, 8, 9, 5, 6, 13, 14, 1, 10, 11, 12, 17, 3, 15, 16, 7, 18 ], 
      [ 4, 2, 8, 9, 5, 6, 13, 14, 1, 10, 11, 12, 17, 3, 15, 16, 7, 18 ], 
      [ 4, 2, 8, 9, 5, 6, 13, 14, 1, 10, 11, 12, 17, 3, 15, 16, 7, 18 ], 
      [ 1, 12, 3, 4, 16, 2, 7, 8, 9, 18, 5, 6, 13, 14, 10, 11, 17, 15 ], 
      [ 1, 12, 3, 4, 16, 2, 7, 8, 9, 18, 5, 6, 13, 14, 10, 11, 17, 15 ], 
      [ 4, 2, 8, 9, 5, 6, 13, 14, 1, 10, 11, 12, 17, 3, 15, 16, 7, 18 ], 
      [ 4, 2, 8, 9, 5, 6, 13, 14, 1, 10, 11, 12, 17, 3, 15, 16, 7, 18 ], 
      [ 1, 12, 3, 4, 16, 2, 7, 8, 9, 18, 5, 6, 13, 14, 10, 11, 17, 15 ], 
      [ 4, 2, 8, 9, 5, 6, 13, 14, 1, 10, 11, 12, 17, 3, 15, 16, 7, 18 ] ],
  ordFix := 9,
  ordf := 3,
  psi := GroupGeneralMappingByImages( Group( 
    [ (2,9)(3,6)(4,8)(5,7), (1,2,4,3,5,7,6,8,9), (1,3,6)(2,5,8)(4,7,9) 
     ] ), Group( [ (2,9)(3,6)(4,8)(5,7), (1,2,4,3,5,7,6,8,9), 
      (1,3,6)(2,5,8)(4,7,9) ] ), [ (2,9)(3,6)(4,8)(5,7), (1,2,4,3,5,7,6,8,9), 
      (1,3,6)(2,5,8)(4,7,9) ], [ (1,6)(2,7)(4,5)(8,9), (1,2,4,3,5,7,6,8,9), 
      (1,3,6)(2,5,8)(4,7,9) ] ) ),
# No.15
rec(
  G := Group( [ (2,9)(3,6)(4,8)(5,7), (1,2,4,3,5,7,6,8,9), 
      (1,3,6)(2,5,8)(4,7,9) ] ),
  isConnected := false,
  matrix := 
   [ [ 1, 18, 14, 4, 12, 10, 13, 3, 9, 11, 2, 15, 17, 8, 16, 6, 7, 5 ], 
      [ 3, 2, 17, 8, 16, 6, 9, 7, 14, 15, 5, 12, 1, 13, 18, 11, 4, 10 ], 
      [ 4, 10, 3, 9, 2, 15, 17, 8, 1, 16, 6, 18, 7, 14, 5, 12, 13, 11 ], 
      [ 1, 18, 14, 4, 12, 10, 13, 3, 9, 11, 2, 15, 17, 8, 16, 6, 7, 5 ], 
      [ 8, 6, 7, 14, 5, 12, 1, 13, 3, 18, 11, 2, 4, 17, 10, 16, 9, 15 ], 
      [ 3, 2, 17, 8, 16, 6, 9, 7, 14, 15, 5, 12, 1, 13, 18, 11, 4, 10 ], 
      [ 9, 15, 8, 1, 6, 18, 7, 14, 4, 5, 12, 10, 13, 3, 11, 2, 17, 16 ], 
      [ 4, 10, 3, 9, 2, 15, 17, 8, 1, 16, 6, 18, 7, 14, 5, 12, 13, 11 ], 
      [ 1, 18, 14, 4, 12, 10, 13, 3, 9, 11, 2, 15, 17, 8, 16, 6, 7, 5 ], 
      [ 14, 12, 13, 3, 11, 2, 4, 17, 8, 10, 16, 6, 9, 7, 15, 5, 1, 18 ], 
      [ 8, 6, 7, 14, 5, 12, 1, 13, 3, 18, 11, 2, 4, 17, 10, 16, 9, 15 ], 
      [ 3, 2, 17, 8, 16, 6, 9, 7, 14, 15, 5, 12, 1, 13, 18, 11, 4, 10 ], 
      [ 9, 15, 8, 1, 6, 18, 7, 14, 4, 5, 12, 10, 13, 3, 11, 2, 17, 16 ], 
      [ 4, 10, 3, 9, 2, 15, 17, 8, 1, 16, 6, 18, 7, 14, 5, 12, 13, 11 ], 
      [ 14, 12, 13, 3, 11, 2, 4, 17, 8, 10, 16, 6, 9, 7, 15, 5, 1, 18 ], 
      [ 8, 6, 7, 14, 5, 12, 1, 13, 3, 18, 11, 2, 4, 17, 10, 16, 9, 15 ], 
      [ 9, 15, 8, 1, 6, 18, 7, 14, 4, 5, 12, 10, 13, 3, 11, 2, 17, 16 ], 
      [ 14, 12, 13, 3, 11, 2, 4, 17, 8, 10, 16, 6, 9, 7, 15, 5, 1, 18 ] ],
  ordFix := 3,
  ordf := 9,
  psi := GroupGeneralMappingByImages( Group( 
    [ (2,9)(3,6)(4,8)(5,7), (1,2,4,3,5,7,6,8,9), (1,3,6)(2,5,8)(4,7,9) 
     ] ), Group( [ (2,9)(3,6)(4,8)(5,7), (1,2,4,3,5,7,6,8,9), 
      (1,3,6)(2,5,8)(4,7,9) ] ), [ (2,9)(3,6)(4,8)(5,7), (1,2,4,3,5,7,6,8,9), 
      (1,3,6)(2,5,8)(4,7,9) ], [ (1,9)(2,8)(3,7)(4,6), (1,8,7,3,2,9,6,5,4), 
      (1,3,6)(2,5,8)(4,7,9) ] ) ),
# No.16
rec(
  G := Group( [ (5,6), (1,2,3), (4,5,6) ] ),
  isConnected := false,
  matrix := 
   [ [ 1, 12, 7, 4, 18, 2, 3, 13, 9, 16, 10, 6, 8, 17, 5, 15, 14, 11 ], 
      [ 4, 2, 13, 9, 10, 6, 8, 17, 1, 5, 15, 12, 14, 7, 11, 18, 3, 16 ], 
      [ 7, 18, 3, 13, 16, 10, 1, 8, 17, 12, 5, 15, 4, 14, 2, 11, 9, 6 ], 
      [ 1, 12, 7, 4, 18, 2, 3, 13, 9, 16, 10, 6, 8, 17, 5, 15, 14, 11 ], 
      [ 13, 10, 8, 17, 5, 15, 4, 14, 7, 2, 11, 18, 9, 3, 6, 16, 1, 12 ], 
      [ 4, 2, 13, 9, 10, 6, 8, 17, 1, 5, 15, 12, 14, 7, 11, 18, 3, 16 ], 
      [ 3, 16, 1, 8, 12, 5, 7, 4, 14, 18, 2, 11, 13, 9, 10, 6, 17, 15 ], 
      [ 7, 18, 3, 13, 16, 10, 1, 8, 17, 12, 5, 15, 4, 14, 2, 11, 9, 6 ], 
      [ 1, 12, 7, 4, 18, 2, 3, 13, 9, 16, 10, 6, 8, 17, 5, 15, 14, 11 ], 
      [ 8, 5, 4, 14, 2, 11, 13, 9, 3, 10, 6, 16, 17, 1, 15, 12, 7, 18 ], 
      [ 13, 10, 8, 17, 5, 15, 4, 14, 7, 2, 11, 18, 9, 3, 6, 16, 1, 12 ], 
      [ 4, 2, 13, 9, 10, 6, 8, 17, 1, 5, 15, 12, 14, 7, 11, 18, 3, 16 ], 
      [ 3, 16, 1, 8, 12, 5, 7, 4, 14, 18, 2, 11, 13, 9, 10, 6, 17, 15 ], 
      [ 7, 18, 3, 13, 16, 10, 1, 8, 17, 12, 5, 15, 4, 14, 2, 11, 9, 6 ], 
      [ 8, 5, 4, 14, 2, 11, 13, 9, 3, 10, 6, 16, 17, 1, 15, 12, 7, 18 ], 
      [ 13, 10, 8, 17, 5, 15, 4, 14, 7, 2, 11, 18, 9, 3, 6, 16, 1, 12 ], 
      [ 3, 16, 1, 8, 12, 5, 7, 4, 14, 18, 2, 11, 13, 9, 10, 6, 17, 15 ], 
      [ 8, 5, 4, 14, 2, 11, 13, 9, 3, 10, 6, 16, 17, 1, 15, 12, 7, 18 ] ],
  ordFix := 3,
  ordf := 6,
  psi := GroupGeneralMappingByImages( Group( [ (5,6), (1,2,3), (4,5,6) 
     ] ), Group( [ (5,6), (1,2,3), (4,5,6) ] ), [ (5,6), (1,2,3), (4,5,6) ], 
    [ (4,6), (1,3,2), (4,5,6) ] ) ),
# No.17
rec(
  G := Group( [ (2,3)(5,6), (4,5,6), (1,2,3) ] ),
  isConnected := false,
  matrix := 
   [ [ 1, 10, 14, 4, 12, 15, 13, 3, 9, 11, 2, 18, 17, 8, 16, 6, 7, 5 ], 
      [ 3, 2, 17, 8, 16, 6, 4, 7, 14, 15, 5, 12, 9, 13, 18, 11, 1, 10 ], 
      [ 4, 15, 3, 9, 2, 18, 17, 8, 1, 16, 6, 10, 7, 14, 5, 12, 13, 11 ], 
      [ 1, 10, 14, 4, 12, 15, 13, 3, 9, 11, 2, 18, 17, 8, 16, 6, 7, 5 ], 
      [ 8, 6, 7, 14, 5, 12, 9, 13, 3, 18, 11, 2, 1, 17, 10, 16, 4, 15 ], 
      [ 3, 2, 17, 8, 16, 6, 4, 7, 14, 15, 5, 12, 9, 13, 18, 11, 1, 10 ], 
      [ 9, 18, 8, 1, 6, 10, 7, 14, 4, 5, 12, 15, 13, 3, 11, 2, 17, 16 ], 
      [ 4, 15, 3, 9, 2, 18, 17, 8, 1, 16, 6, 10, 7, 14, 5, 12, 13, 11 ], 
      [ 1, 10, 14, 4, 12, 15, 13, 3, 9, 11, 2, 18, 17, 8, 16, 6, 7, 5 ], 
      [ 14, 12, 13, 3, 11, 2, 1, 17, 8, 10, 16, 6, 4, 7, 15, 5, 9, 18 ], 
      [ 8, 6, 7, 14, 5, 12, 9, 13, 3, 18, 11, 2, 1, 17, 10, 16, 4, 15 ], 
      [ 3, 2, 17, 8, 16, 6, 4, 7, 14, 15, 5, 12, 9, 13, 18, 11, 1, 10 ], 
      [ 9, 18, 8, 1, 6, 10, 7, 14, 4, 5, 12, 15, 13, 3, 11, 2, 17, 16 ], 
      [ 4, 15, 3, 9, 2, 18, 17, 8, 1, 16, 6, 10, 7, 14, 5, 12, 13, 11 ], 
      [ 14, 12, 13, 3, 11, 2, 1, 17, 8, 10, 16, 6, 4, 7, 15, 5, 9, 18 ], 
      [ 8, 6, 7, 14, 5, 12, 9, 13, 3, 18, 11, 2, 1, 17, 10, 16, 4, 15 ], 
      [ 9, 18, 8, 1, 6, 10, 7, 14, 4, 5, 12, 15, 13, 3, 11, 2, 17, 16 ], 
      [ 14, 12, 13, 3, 11, 2, 1, 17, 8, 10, 16, 6, 4, 7, 15, 5, 9, 18 ] ],
  ordFix := 3,
  ordf := 3,
  psi := GroupGeneralMappingByImages( Group( [ (2,3)(5,6), (4,5,6), (1,2,3) 
     ] ), Group( [ (2,3)(5,6), (4,5,6), (1,2,3) ] ), 
    [ (2,3)(5,6), (4,5,6), (1,2,3) ], [ (2,3)(4,6), (1,3,2)(4,5,6), (1,2,3) 
     ] ) ),
]; 
### end of file ###