# 
# computed by Jin Kosaka and Hirotake Kurihara 
# using gap 4.12.2 
# 
GAQ_23 :=
[
# No.1
rec(
  G := 
   Group( 
    [ ( 1, 2, 3, 4, 5, 6, 7, 8, 9,10,11,12,13,14,15,16,17,18,19,20,21,22,23) 
     ] ),
  isConnected := false,
  matrix := 
   [ [ 1, 2, 3, 4, 5, 6, 7, 8, 9, 10, 11, 12, 13, 14, 15, 16, 17, 18, 19, 20, 
          21, 22, 23 ], 
      [ 1, 2, 3, 4, 5, 6, 7, 8, 9, 10, 11, 12, 13, 14, 15, 16, 17, 18, 19, 
          20, 21, 22, 23 ], 
      [ 1, 2, 3, 4, 5, 6, 7, 8, 9, 10, 11, 12, 13, 14, 15, 16, 17, 18, 19, 
          20, 21, 22, 23 ], 
      [ 1, 2, 3, 4, 5, 6, 7, 8, 9, 10, 11, 12, 13, 14, 15, 16, 17, 18, 19, 
          20, 21, 22, 23 ], 
      [ 1, 2, 3, 4, 5, 6, 7, 8, 9, 10, 11, 12, 13, 14, 15, 16, 17, 18, 19, 
          20, 21, 22, 23 ], 
      [ 1, 2, 3, 4, 5, 6, 7, 8, 9, 10, 11, 12, 13, 14, 15, 16, 17, 18, 19, 
          20, 21, 22, 23 ], 
      [ 1, 2, 3, 4, 5, 6, 7, 8, 9, 10, 11, 12, 13, 14, 15, 16, 17, 18, 19, 
          20, 21, 22, 23 ], 
      [ 1, 2, 3, 4, 5, 6, 7, 8, 9, 10, 11, 12, 13, 14, 15, 16, 17, 18, 19, 
          20, 21, 22, 23 ], 
      [ 1, 2, 3, 4, 5, 6, 7, 8, 9, 10, 11, 12, 13, 14, 15, 16, 17, 18, 19, 
          20, 21, 22, 23 ], 
      [ 1, 2, 3, 4, 5, 6, 7, 8, 9, 10, 11, 12, 13, 14, 15, 16, 17, 18, 19, 
          20, 21, 22, 23 ], 
      [ 1, 2, 3, 4, 5, 6, 7, 8, 9, 10, 11, 12, 13, 14, 15, 16, 17, 18, 19, 
          20, 21, 22, 23 ], 
      [ 1, 2, 3, 4, 5, 6, 7, 8, 9, 10, 11, 12, 13, 14, 15, 16, 17, 18, 19, 
          20, 21, 22, 23 ], 
      [ 1, 2, 3, 4, 5, 6, 7, 8, 9, 10, 11, 12, 13, 14, 15, 16, 17, 18, 19, 
          20, 21, 22, 23 ], 
      [ 1, 2, 3, 4, 5, 6, 7, 8, 9, 10, 11, 12, 13, 14, 15, 16, 17, 18, 19, 
          20, 21, 22, 23 ], 
      [ 1, 2, 3, 4, 5, 6, 7, 8, 9, 10, 11, 12, 13, 14, 15, 16, 17, 18, 19, 
          20, 21, 22, 23 ], 
      [ 1, 2, 3, 4, 5, 6, 7, 8, 9, 10, 11, 12, 13, 14, 15, 16, 17, 18, 19, 
          20, 21, 22, 23 ], 
      [ 1, 2, 3, 4, 5, 6, 7, 8, 9, 10, 11, 12, 13, 14, 15, 16, 17, 18, 19, 
          20, 21, 22, 23 ], 
      [ 1, 2, 3, 4, 5, 6, 7, 8, 9, 10, 11, 12, 13, 14, 15, 16, 17, 18, 19, 
          20, 21, 22, 23 ], 
      [ 1, 2, 3, 4, 5, 6, 7, 8, 9, 10, 11, 12, 13, 14, 15, 16, 17, 18, 19, 
          20, 21, 22, 23 ], 
      [ 1, 2, 3, 4, 5, 6, 7, 8, 9, 10, 11, 12, 13, 14, 15, 16, 17, 18, 19, 
          20, 21, 22, 23 ], 
      [ 1, 2, 3, 4, 5, 6, 7, 8, 9, 10, 11, 12, 13, 14, 15, 16, 17, 18, 19, 
          20, 21, 22, 23 ], 
      [ 1, 2, 3, 4, 5, 6, 7, 8, 9, 10, 11, 12, 13, 14, 15, 16, 17, 18, 19, 
          20, 21, 22, 23 ], 
      [ 1, 2, 3, 4, 5, 6, 7, 8, 9, 10, 11, 12, 13, 14, 15, 16, 17, 18, 19, 
          20, 21, 22, 23 ] ],
  ordFix := 23,
  ordf := 1,
  psi := GroupHomomorphismByImages( Group( 
    [ ( 1, 2, 3, 4, 5, 6, 7, 8, 9,10,11,12,13,14,15,16,17,18,19,20,21,22,23) 
     ] ), Group( 
    [ ( 1, 2, 3, 4, 5, 6, 7, 8, 9,10,11,12,13,14,15,16,17,18,19,20,21,22,23) 
     ] ), 
    [ ( 1, 2, 3, 4, 5, 6, 7, 8, 9,10,11,12,13,14,15,16,17,18,19,20,21,22,23) 
     ], 
    [ ( 1, 2, 3, 4, 5, 6, 7, 8, 9,10,11,12,13,14,15,16,17,18,19,20,21,22,23) 
     ] ) ),
# No.2
rec(
  G := 
   Group( 
    [ ( 1, 2, 3, 4, 5, 6, 7, 8, 9,10,11,12,13,14,15,16,17,18,19,20,21,22,23) 
     ] ),
  isConnected := true,
  matrix := 
   [ [ 1, 3, 5, 7, 9, 11, 13, 15, 17, 19, 21, 23, 2, 4, 6, 8, 10, 12, 14, 16, 
          18, 20, 22 ], 
      [ 23, 2, 4, 6, 8, 10, 12, 14, 16, 18, 20, 22, 1, 3, 5, 7, 9, 11, 13, 
          15, 17, 19, 21 ], 
      [ 22, 1, 3, 5, 7, 9, 11, 13, 15, 17, 19, 21, 23, 2, 4, 6, 8, 10, 12, 
          14, 16, 18, 20 ], 
      [ 21, 23, 2, 4, 6, 8, 10, 12, 14, 16, 18, 20, 22, 1, 3, 5, 7, 9, 11, 
          13, 15, 17, 19 ], 
      [ 20, 22, 1, 3, 5, 7, 9, 11, 13, 15, 17, 19, 21, 23, 2, 4, 6, 8, 10, 
          12, 14, 16, 18 ], 
      [ 19, 21, 23, 2, 4, 6, 8, 10, 12, 14, 16, 18, 20, 22, 1, 3, 5, 7, 9, 
          11, 13, 15, 17 ], 
      [ 18, 20, 22, 1, 3, 5, 7, 9, 11, 13, 15, 17, 19, 21, 23, 2, 4, 6, 8, 
          10, 12, 14, 16 ], 
      [ 17, 19, 21, 23, 2, 4, 6, 8, 10, 12, 14, 16, 18, 20, 22, 1, 3, 5, 7, 
          9, 11, 13, 15 ], 
      [ 16, 18, 20, 22, 1, 3, 5, 7, 9, 11, 13, 15, 17, 19, 21, 23, 2, 4, 6, 
          8, 10, 12, 14 ], 
      [ 15, 17, 19, 21, 23, 2, 4, 6, 8, 10, 12, 14, 16, 18, 20, 22, 1, 3, 5, 
          7, 9, 11, 13 ], 
      [ 14, 16, 18, 20, 22, 1, 3, 5, 7, 9, 11, 13, 15, 17, 19, 21, 23, 2, 4, 
          6, 8, 10, 12 ], 
      [ 13, 15, 17, 19, 21, 23, 2, 4, 6, 8, 10, 12, 14, 16, 18, 20, 22, 1, 3, 
          5, 7, 9, 11 ], 
      [ 12, 14, 16, 18, 20, 22, 1, 3, 5, 7, 9, 11, 13, 15, 17, 19, 21, 23, 2, 
          4, 6, 8, 10 ], 
      [ 11, 13, 15, 17, 19, 21, 23, 2, 4, 6, 8, 10, 12, 14, 16, 18, 20, 22, 
          1, 3, 5, 7, 9 ], 
      [ 10, 12, 14, 16, 18, 20, 22, 1, 3, 5, 7, 9, 11, 13, 15, 17, 19, 21, 
          23, 2, 4, 6, 8 ], 
      [ 9, 11, 13, 15, 17, 19, 21, 23, 2, 4, 6, 8, 10, 12, 14, 16, 18, 20, 
          22, 1, 3, 5, 7 ], 
      [ 8, 10, 12, 14, 16, 18, 20, 22, 1, 3, 5, 7, 9, 11, 13, 15, 17, 19, 21, 
          23, 2, 4, 6 ], 
      [ 7, 9, 11, 13, 15, 17, 19, 21, 23, 2, 4, 6, 8, 10, 12, 14, 16, 18, 20, 
          22, 1, 3, 5 ], 
      [ 6, 8, 10, 12, 14, 16, 18, 20, 22, 1, 3, 5, 7, 9, 11, 13, 15, 17, 19, 
          21, 23, 2, 4 ], 
      [ 5, 7, 9, 11, 13, 15, 17, 19, 21, 23, 2, 4, 6, 8, 10, 12, 14, 16, 18, 
          20, 22, 1, 3 ], 
      [ 4, 6, 8, 10, 12, 14, 16, 18, 20, 22, 1, 3, 5, 7, 9, 11, 13, 15, 17, 
          19, 21, 23, 2 ], 
      [ 3, 5, 7, 9, 11, 13, 15, 17, 19, 21, 23, 2, 4, 6, 8, 10, 12, 14, 16, 
          18, 20, 22, 1 ], 
      [ 2, 4, 6, 8, 10, 12, 14, 16, 18, 20, 22, 1, 3, 5, 7, 9, 11, 13, 15, 
          17, 19, 21, 23 ] ],
  ordFix := 1,
  ordf := 11,
  psi := GroupHomomorphismByImages( Group( 
    [ ( 1, 2, 3, 4, 5, 6, 7, 8, 9,10,11,12,13,14,15,16,17,18,19,20,21,22,23) 
     ] ), Group( 
    [ ( 1, 2, 3, 4, 5, 6, 7, 8, 9,10,11,12,13,14,15,16,17,18,19,20,21,22,23) 
     ] ), 
    [ ( 1, 2, 3, 4, 5, 6, 7, 8, 9,10,11,12,13,14,15,16,17,18,19,20,21,22,23) 
     ], 
    [ ( 1, 3, 5, 7, 9,11,13,15,17,19,21,23, 2, 4, 6, 8,10,12,14,16,18,20,22) 
     ] ) ),
# No.3
rec(
  G := 
   Group( 
    [ ( 1, 2, 3, 4, 5, 6, 7, 8, 9,10,11,12,13,14,15,16,17,18,19,20,21,22,23) 
     ] ),
  isConnected := true,
  matrix := 
   [ [ 1, 4, 7, 10, 13, 16, 19, 22, 2, 5, 8, 11, 14, 17, 20, 23, 3, 6, 9, 12, 
          15, 18, 21 ], 
      [ 22, 2, 5, 8, 11, 14, 17, 20, 23, 3, 6, 9, 12, 15, 18, 21, 1, 4, 7, 
          10, 13, 16, 19 ], 
      [ 20, 23, 3, 6, 9, 12, 15, 18, 21, 1, 4, 7, 10, 13, 16, 19, 22, 2, 5, 
          8, 11, 14, 17 ], 
      [ 18, 21, 1, 4, 7, 10, 13, 16, 19, 22, 2, 5, 8, 11, 14, 17, 20, 23, 3, 
          6, 9, 12, 15 ], 
      [ 16, 19, 22, 2, 5, 8, 11, 14, 17, 20, 23, 3, 6, 9, 12, 15, 18, 21, 1, 
          4, 7, 10, 13 ], 
      [ 14, 17, 20, 23, 3, 6, 9, 12, 15, 18, 21, 1, 4, 7, 10, 13, 16, 19, 22, 
          2, 5, 8, 11 ], 
      [ 12, 15, 18, 21, 1, 4, 7, 10, 13, 16, 19, 22, 2, 5, 8, 11, 14, 17, 20, 
          23, 3, 6, 9 ], 
      [ 10, 13, 16, 19, 22, 2, 5, 8, 11, 14, 17, 20, 23, 3, 6, 9, 12, 15, 18, 
          21, 1, 4, 7 ], 
      [ 8, 11, 14, 17, 20, 23, 3, 6, 9, 12, 15, 18, 21, 1, 4, 7, 10, 13, 16, 
          19, 22, 2, 5 ], 
      [ 6, 9, 12, 15, 18, 21, 1, 4, 7, 10, 13, 16, 19, 22, 2, 5, 8, 11, 14, 
          17, 20, 23, 3 ], 
      [ 4, 7, 10, 13, 16, 19, 22, 2, 5, 8, 11, 14, 17, 20, 23, 3, 6, 9, 12, 
          15, 18, 21, 1 ], 
      [ 2, 5, 8, 11, 14, 17, 20, 23, 3, 6, 9, 12, 15, 18, 21, 1, 4, 7, 10, 
          13, 16, 19, 22 ], 
      [ 23, 3, 6, 9, 12, 15, 18, 21, 1, 4, 7, 10, 13, 16, 19, 22, 2, 5, 8, 
          11, 14, 17, 20 ], 
      [ 21, 1, 4, 7, 10, 13, 16, 19, 22, 2, 5, 8, 11, 14, 17, 20, 23, 3, 6, 
          9, 12, 15, 18 ], 
      [ 19, 22, 2, 5, 8, 11, 14, 17, 20, 23, 3, 6, 9, 12, 15, 18, 21, 1, 4, 
          7, 10, 13, 16 ], 
      [ 17, 20, 23, 3, 6, 9, 12, 15, 18, 21, 1, 4, 7, 10, 13, 16, 19, 22, 2, 
          5, 8, 11, 14 ], 
      [ 15, 18, 21, 1, 4, 7, 10, 13, 16, 19, 22, 2, 5, 8, 11, 14, 17, 20, 23, 
          3, 6, 9, 12 ], 
      [ 13, 16, 19, 22, 2, 5, 8, 11, 14, 17, 20, 23, 3, 6, 9, 12, 15, 18, 21, 
          1, 4, 7, 10 ], 
      [ 11, 14, 17, 20, 23, 3, 6, 9, 12, 15, 18, 21, 1, 4, 7, 10, 13, 16, 19, 
          22, 2, 5, 8 ], 
      [ 9, 12, 15, 18, 21, 1, 4, 7, 10, 13, 16, 19, 22, 2, 5, 8, 11, 14, 17, 
          20, 23, 3, 6 ], 
      [ 7, 10, 13, 16, 19, 22, 2, 5, 8, 11, 14, 17, 20, 23, 3, 6, 9, 12, 15, 
          18, 21, 1, 4 ], 
      [ 5, 8, 11, 14, 17, 20, 23, 3, 6, 9, 12, 15, 18, 21, 1, 4, 7, 10, 13, 
          16, 19, 22, 2 ], 
      [ 3, 6, 9, 12, 15, 18, 21, 1, 4, 7, 10, 13, 16, 19, 22, 2, 5, 8, 11, 
          14, 17, 20, 23 ] ],
  ordFix := 1,
  ordf := 11,
  psi := GroupHomomorphismByImages( Group( 
    [ ( 1, 2, 3, 4, 5, 6, 7, 8, 9,10,11,12,13,14,15,16,17,18,19,20,21,22,23) 
     ] ), Group( 
    [ ( 1, 2, 3, 4, 5, 6, 7, 8, 9,10,11,12,13,14,15,16,17,18,19,20,21,22,23) 
     ] ), 
    [ ( 1, 2, 3, 4, 5, 6, 7, 8, 9,10,11,12,13,14,15,16,17,18,19,20,21,22,23) 
     ], 
    [ ( 1, 4, 7,10,13,16,19,22, 2, 5, 8,11,14,17,20,23, 3, 6, 9,12,15,18,21) 
     ] ) ),
# No.4
rec(
  G := 
   Group( 
    [ ( 1, 2, 3, 4, 5, 6, 7, 8, 9,10,11,12,13,14,15,16,17,18,19,20,21,22,23) 
     ] ),
  isConnected := true,
  matrix := 
   [ [ 1, 5, 9, 13, 17, 21, 2, 6, 10, 14, 18, 22, 3, 7, 11, 15, 19, 23, 4, 8, 
          12, 16, 20 ], 
      [ 21, 2, 6, 10, 14, 18, 22, 3, 7, 11, 15, 19, 23, 4, 8, 12, 16, 20, 1, 
          5, 9, 13, 17 ], 
      [ 18, 22, 3, 7, 11, 15, 19, 23, 4, 8, 12, 16, 20, 1, 5, 9, 13, 17, 21, 
          2, 6, 10, 14 ], 
      [ 15, 19, 23, 4, 8, 12, 16, 20, 1, 5, 9, 13, 17, 21, 2, 6, 10, 14, 18, 
          22, 3, 7, 11 ], 
      [ 12, 16, 20, 1, 5, 9, 13, 17, 21, 2, 6, 10, 14, 18, 22, 3, 7, 11, 15, 
          19, 23, 4, 8 ], 
      [ 9, 13, 17, 21, 2, 6, 10, 14, 18, 22, 3, 7, 11, 15, 19, 23, 4, 8, 12, 
          16, 20, 1, 5 ], 
      [ 6, 10, 14, 18, 22, 3, 7, 11, 15, 19, 23, 4, 8, 12, 16, 20, 1, 5, 9, 
          13, 17, 21, 2 ], 
      [ 3, 7, 11, 15, 19, 23, 4, 8, 12, 16, 20, 1, 5, 9, 13, 17, 21, 2, 6, 
          10, 14, 18, 22 ], 
      [ 23, 4, 8, 12, 16, 20, 1, 5, 9, 13, 17, 21, 2, 6, 10, 14, 18, 22, 3, 
          7, 11, 15, 19 ], 
      [ 20, 1, 5, 9, 13, 17, 21, 2, 6, 10, 14, 18, 22, 3, 7, 11, 15, 19, 23, 
          4, 8, 12, 16 ], 
      [ 17, 21, 2, 6, 10, 14, 18, 22, 3, 7, 11, 15, 19, 23, 4, 8, 12, 16, 20, 
          1, 5, 9, 13 ], 
      [ 14, 18, 22, 3, 7, 11, 15, 19, 23, 4, 8, 12, 16, 20, 1, 5, 9, 13, 17, 
          21, 2, 6, 10 ], 
      [ 11, 15, 19, 23, 4, 8, 12, 16, 20, 1, 5, 9, 13, 17, 21, 2, 6, 10, 14, 
          18, 22, 3, 7 ], 
      [ 8, 12, 16, 20, 1, 5, 9, 13, 17, 21, 2, 6, 10, 14, 18, 22, 3, 7, 11, 
          15, 19, 23, 4 ], 
      [ 5, 9, 13, 17, 21, 2, 6, 10, 14, 18, 22, 3, 7, 11, 15, 19, 23, 4, 8, 
          12, 16, 20, 1 ], 
      [ 2, 6, 10, 14, 18, 22, 3, 7, 11, 15, 19, 23, 4, 8, 12, 16, 20, 1, 5, 
          9, 13, 17, 21 ], 
      [ 22, 3, 7, 11, 15, 19, 23, 4, 8, 12, 16, 20, 1, 5, 9, 13, 17, 21, 2, 
          6, 10, 14, 18 ], 
      [ 19, 23, 4, 8, 12, 16, 20, 1, 5, 9, 13, 17, 21, 2, 6, 10, 14, 18, 22, 
          3, 7, 11, 15 ], 
      [ 16, 20, 1, 5, 9, 13, 17, 21, 2, 6, 10, 14, 18, 22, 3, 7, 11, 15, 19, 
          23, 4, 8, 12 ], 
      [ 13, 17, 21, 2, 6, 10, 14, 18, 22, 3, 7, 11, 15, 19, 23, 4, 8, 12, 16, 
          20, 1, 5, 9 ], 
      [ 10, 14, 18, 22, 3, 7, 11, 15, 19, 23, 4, 8, 12, 16, 20, 1, 5, 9, 13, 
          17, 21, 2, 6 ], 
      [ 7, 11, 15, 19, 23, 4, 8, 12, 16, 20, 1, 5, 9, 13, 17, 21, 2, 6, 10, 
          14, 18, 22, 3 ], 
      [ 4, 8, 12, 16, 20, 1, 5, 9, 13, 17, 21, 2, 6, 10, 14, 18, 22, 3, 7, 
          11, 15, 19, 23 ] ],
  ordFix := 1,
  ordf := 11,
  psi := GroupHomomorphismByImages( Group( 
    [ ( 1, 2, 3, 4, 5, 6, 7, 8, 9,10,11,12,13,14,15,16,17,18,19,20,21,22,23) 
     ] ), Group( 
    [ ( 1, 2, 3, 4, 5, 6, 7, 8, 9,10,11,12,13,14,15,16,17,18,19,20,21,22,23) 
     ] ), 
    [ ( 1, 2, 3, 4, 5, 6, 7, 8, 9,10,11,12,13,14,15,16,17,18,19,20,21,22,23) 
     ], 
    [ ( 1, 5, 9,13,17,21, 2, 6,10,14,18,22, 3, 7,11,15,19,23, 4, 8,12,16,20) 
     ] ) ),
# No.5
rec(
  G := 
   Group( 
    [ ( 1, 2, 3, 4, 5, 6, 7, 8, 9,10,11,12,13,14,15,16,17,18,19,20,21,22,23) 
     ] ),
  isConnected := true,
  matrix := 
   [ [ 1, 6, 11, 16, 21, 3, 8, 13, 18, 23, 5, 10, 15, 20, 2, 7, 12, 17, 22, 
          4, 9, 14, 19 ], 
      [ 20, 2, 7, 12, 17, 22, 4, 9, 14, 19, 1, 6, 11, 16, 21, 3, 8, 13, 18, 
          23, 5, 10, 15 ], 
      [ 16, 21, 3, 8, 13, 18, 23, 5, 10, 15, 20, 2, 7, 12, 17, 22, 4, 9, 14, 
          19, 1, 6, 11 ], 
      [ 12, 17, 22, 4, 9, 14, 19, 1, 6, 11, 16, 21, 3, 8, 13, 18, 23, 5, 10, 
          15, 20, 2, 7 ], 
      [ 8, 13, 18, 23, 5, 10, 15, 20, 2, 7, 12, 17, 22, 4, 9, 14, 19, 1, 6, 
          11, 16, 21, 3 ], 
      [ 4, 9, 14, 19, 1, 6, 11, 16, 21, 3, 8, 13, 18, 23, 5, 10, 15, 20, 2, 
          7, 12, 17, 22 ], 
      [ 23, 5, 10, 15, 20, 2, 7, 12, 17, 22, 4, 9, 14, 19, 1, 6, 11, 16, 21, 
          3, 8, 13, 18 ], 
      [ 19, 1, 6, 11, 16, 21, 3, 8, 13, 18, 23, 5, 10, 15, 20, 2, 7, 12, 17, 
          22, 4, 9, 14 ], 
      [ 15, 20, 2, 7, 12, 17, 22, 4, 9, 14, 19, 1, 6, 11, 16, 21, 3, 8, 13, 
          18, 23, 5, 10 ], 
      [ 11, 16, 21, 3, 8, 13, 18, 23, 5, 10, 15, 20, 2, 7, 12, 17, 22, 4, 9, 
          14, 19, 1, 6 ], 
      [ 7, 12, 17, 22, 4, 9, 14, 19, 1, 6, 11, 16, 21, 3, 8, 13, 18, 23, 5, 
          10, 15, 20, 2 ], 
      [ 3, 8, 13, 18, 23, 5, 10, 15, 20, 2, 7, 12, 17, 22, 4, 9, 14, 19, 1, 
          6, 11, 16, 21 ], 
      [ 22, 4, 9, 14, 19, 1, 6, 11, 16, 21, 3, 8, 13, 18, 23, 5, 10, 15, 20, 
          2, 7, 12, 17 ], 
      [ 18, 23, 5, 10, 15, 20, 2, 7, 12, 17, 22, 4, 9, 14, 19, 1, 6, 11, 16, 
          21, 3, 8, 13 ], 
      [ 14, 19, 1, 6, 11, 16, 21, 3, 8, 13, 18, 23, 5, 10, 15, 20, 2, 7, 12, 
          17, 22, 4, 9 ], 
      [ 10, 15, 20, 2, 7, 12, 17, 22, 4, 9, 14, 19, 1, 6, 11, 16, 21, 3, 8, 
          13, 18, 23, 5 ], 
      [ 6, 11, 16, 21, 3, 8, 13, 18, 23, 5, 10, 15, 20, 2, 7, 12, 17, 22, 4, 
          9, 14, 19, 1 ], 
      [ 2, 7, 12, 17, 22, 4, 9, 14, 19, 1, 6, 11, 16, 21, 3, 8, 13, 18, 23, 
          5, 10, 15, 20 ], 
      [ 21, 3, 8, 13, 18, 23, 5, 10, 15, 20, 2, 7, 12, 17, 22, 4, 9, 14, 19, 
          1, 6, 11, 16 ], 
      [ 17, 22, 4, 9, 14, 19, 1, 6, 11, 16, 21, 3, 8, 13, 18, 23, 5, 10, 15, 
          20, 2, 7, 12 ], 
      [ 13, 18, 23, 5, 10, 15, 20, 2, 7, 12, 17, 22, 4, 9, 14, 19, 1, 6, 11, 
          16, 21, 3, 8 ], 
      [ 9, 14, 19, 1, 6, 11, 16, 21, 3, 8, 13, 18, 23, 5, 10, 15, 20, 2, 7, 
          12, 17, 22, 4 ], 
      [ 5, 10, 15, 20, 2, 7, 12, 17, 22, 4, 9, 14, 19, 1, 6, 11, 16, 21, 3, 
          8, 13, 18, 23 ] ],
  ordFix := 1,
  ordf := 22,
  psi := GroupHomomorphismByImages( Group( 
    [ ( 1, 2, 3, 4, 5, 6, 7, 8, 9,10,11,12,13,14,15,16,17,18,19,20,21,22,23) 
     ] ), Group( 
    [ ( 1, 2, 3, 4, 5, 6, 7, 8, 9,10,11,12,13,14,15,16,17,18,19,20,21,22,23) 
     ] ), 
    [ ( 1, 2, 3, 4, 5, 6, 7, 8, 9,10,11,12,13,14,15,16,17,18,19,20,21,22,23) 
     ], 
    [ ( 1, 6,11,16,21, 3, 8,13,18,23, 5,10,15,20, 2, 7,12,17,22, 4, 9,14,19) 
     ] ) ),
# No.6
rec(
  G := 
   Group( 
    [ ( 1, 2, 3, 4, 5, 6, 7, 8, 9,10,11,12,13,14,15,16,17,18,19,20,21,22,23) 
     ] ),
  isConnected := true,
  matrix := 
   [ [ 1, 7, 13, 19, 2, 8, 14, 20, 3, 9, 15, 21, 4, 10, 16, 22, 5, 11, 17, 
          23, 6, 12, 18 ], 
      [ 19, 2, 8, 14, 20, 3, 9, 15, 21, 4, 10, 16, 22, 5, 11, 17, 23, 6, 12, 
          18, 1, 7, 13 ], 
      [ 14, 20, 3, 9, 15, 21, 4, 10, 16, 22, 5, 11, 17, 23, 6, 12, 18, 1, 7, 
          13, 19, 2, 8 ], 
      [ 9, 15, 21, 4, 10, 16, 22, 5, 11, 17, 23, 6, 12, 18, 1, 7, 13, 19, 2, 
          8, 14, 20, 3 ], 
      [ 4, 10, 16, 22, 5, 11, 17, 23, 6, 12, 18, 1, 7, 13, 19, 2, 8, 14, 20, 
          3, 9, 15, 21 ], 
      [ 22, 5, 11, 17, 23, 6, 12, 18, 1, 7, 13, 19, 2, 8, 14, 20, 3, 9, 15, 
          21, 4, 10, 16 ], 
      [ 17, 23, 6, 12, 18, 1, 7, 13, 19, 2, 8, 14, 20, 3, 9, 15, 21, 4, 10, 
          16, 22, 5, 11 ], 
      [ 12, 18, 1, 7, 13, 19, 2, 8, 14, 20, 3, 9, 15, 21, 4, 10, 16, 22, 5, 
          11, 17, 23, 6 ], 
      [ 7, 13, 19, 2, 8, 14, 20, 3, 9, 15, 21, 4, 10, 16, 22, 5, 11, 17, 23, 
          6, 12, 18, 1 ], 
      [ 2, 8, 14, 20, 3, 9, 15, 21, 4, 10, 16, 22, 5, 11, 17, 23, 6, 12, 18, 
          1, 7, 13, 19 ], 
      [ 20, 3, 9, 15, 21, 4, 10, 16, 22, 5, 11, 17, 23, 6, 12, 18, 1, 7, 13, 
          19, 2, 8, 14 ], 
      [ 15, 21, 4, 10, 16, 22, 5, 11, 17, 23, 6, 12, 18, 1, 7, 13, 19, 2, 8, 
          14, 20, 3, 9 ], 
      [ 10, 16, 22, 5, 11, 17, 23, 6, 12, 18, 1, 7, 13, 19, 2, 8, 14, 20, 3, 
          9, 15, 21, 4 ], 
      [ 5, 11, 17, 23, 6, 12, 18, 1, 7, 13, 19, 2, 8, 14, 20, 3, 9, 15, 21, 
          4, 10, 16, 22 ], 
      [ 23, 6, 12, 18, 1, 7, 13, 19, 2, 8, 14, 20, 3, 9, 15, 21, 4, 10, 16, 
          22, 5, 11, 17 ], 
      [ 18, 1, 7, 13, 19, 2, 8, 14, 20, 3, 9, 15, 21, 4, 10, 16, 22, 5, 11, 
          17, 23, 6, 12 ], 
      [ 13, 19, 2, 8, 14, 20, 3, 9, 15, 21, 4, 10, 16, 22, 5, 11, 17, 23, 6, 
          12, 18, 1, 7 ], 
      [ 8, 14, 20, 3, 9, 15, 21, 4, 10, 16, 22, 5, 11, 17, 23, 6, 12, 18, 1, 
          7, 13, 19, 2 ], 
      [ 3, 9, 15, 21, 4, 10, 16, 22, 5, 11, 17, 23, 6, 12, 18, 1, 7, 13, 19, 
          2, 8, 14, 20 ], 
      [ 21, 4, 10, 16, 22, 5, 11, 17, 23, 6, 12, 18, 1, 7, 13, 19, 2, 8, 14, 
          20, 3, 9, 15 ], 
      [ 16, 22, 5, 11, 17, 23, 6, 12, 18, 1, 7, 13, 19, 2, 8, 14, 20, 3, 9, 
          15, 21, 4, 10 ], 
      [ 11, 17, 23, 6, 12, 18, 1, 7, 13, 19, 2, 8, 14, 20, 3, 9, 15, 21, 4, 
          10, 16, 22, 5 ], 
      [ 6, 12, 18, 1, 7, 13, 19, 2, 8, 14, 20, 3, 9, 15, 21, 4, 10, 16, 22, 
          5, 11, 17, 23 ] ],
  ordFix := 1,
  ordf := 11,
  psi := GroupHomomorphismByImages( Group( 
    [ ( 1, 2, 3, 4, 5, 6, 7, 8, 9,10,11,12,13,14,15,16,17,18,19,20,21,22,23) 
     ] ), Group( 
    [ ( 1, 2, 3, 4, 5, 6, 7, 8, 9,10,11,12,13,14,15,16,17,18,19,20,21,22,23) 
     ] ), 
    [ ( 1, 2, 3, 4, 5, 6, 7, 8, 9,10,11,12,13,14,15,16,17,18,19,20,21,22,23) 
     ], 
    [ ( 1, 7,13,19, 2, 8,14,20, 3, 9,15,21, 4,10,16,22, 5,11,17,23, 6,12,18) 
     ] ) ),
# No.7
rec(
  G := 
   Group( 
    [ ( 1, 2, 3, 4, 5, 6, 7, 8, 9,10,11,12,13,14,15,16,17,18,19,20,21,22,23) 
     ] ),
  isConnected := true,
  matrix := 
   [ [ 1, 8, 15, 22, 6, 13, 20, 4, 11, 18, 2, 9, 16, 23, 7, 14, 21, 5, 12, 
          19, 3, 10, 17 ], 
      [ 18, 2, 9, 16, 23, 7, 14, 21, 5, 12, 19, 3, 10, 17, 1, 8, 15, 22, 6, 
          13, 20, 4, 11 ], 
      [ 12, 19, 3, 10, 17, 1, 8, 15, 22, 6, 13, 20, 4, 11, 18, 2, 9, 16, 23, 
          7, 14, 21, 5 ], 
      [ 6, 13, 20, 4, 11, 18, 2, 9, 16, 23, 7, 14, 21, 5, 12, 19, 3, 10, 17, 
          1, 8, 15, 22 ], 
      [ 23, 7, 14, 21, 5, 12, 19, 3, 10, 17, 1, 8, 15, 22, 6, 13, 20, 4, 11, 
          18, 2, 9, 16 ], 
      [ 17, 1, 8, 15, 22, 6, 13, 20, 4, 11, 18, 2, 9, 16, 23, 7, 14, 21, 5, 
          12, 19, 3, 10 ], 
      [ 11, 18, 2, 9, 16, 23, 7, 14, 21, 5, 12, 19, 3, 10, 17, 1, 8, 15, 22, 
          6, 13, 20, 4 ], 
      [ 5, 12, 19, 3, 10, 17, 1, 8, 15, 22, 6, 13, 20, 4, 11, 18, 2, 9, 16, 
          23, 7, 14, 21 ], 
      [ 22, 6, 13, 20, 4, 11, 18, 2, 9, 16, 23, 7, 14, 21, 5, 12, 19, 3, 10, 
          17, 1, 8, 15 ], 
      [ 16, 23, 7, 14, 21, 5, 12, 19, 3, 10, 17, 1, 8, 15, 22, 6, 13, 20, 4, 
          11, 18, 2, 9 ], 
      [ 10, 17, 1, 8, 15, 22, 6, 13, 20, 4, 11, 18, 2, 9, 16, 23, 7, 14, 21, 
          5, 12, 19, 3 ], 
      [ 4, 11, 18, 2, 9, 16, 23, 7, 14, 21, 5, 12, 19, 3, 10, 17, 1, 8, 15, 
          22, 6, 13, 20 ], 
      [ 21, 5, 12, 19, 3, 10, 17, 1, 8, 15, 22, 6, 13, 20, 4, 11, 18, 2, 9, 
          16, 23, 7, 14 ], 
      [ 15, 22, 6, 13, 20, 4, 11, 18, 2, 9, 16, 23, 7, 14, 21, 5, 12, 19, 3, 
          10, 17, 1, 8 ], 
      [ 9, 16, 23, 7, 14, 21, 5, 12, 19, 3, 10, 17, 1, 8, 15, 22, 6, 13, 20, 
          4, 11, 18, 2 ], 
      [ 3, 10, 17, 1, 8, 15, 22, 6, 13, 20, 4, 11, 18, 2, 9, 16, 23, 7, 14, 
          21, 5, 12, 19 ], 
      [ 20, 4, 11, 18, 2, 9, 16, 23, 7, 14, 21, 5, 12, 19, 3, 10, 17, 1, 8, 
          15, 22, 6, 13 ], 
      [ 14, 21, 5, 12, 19, 3, 10, 17, 1, 8, 15, 22, 6, 13, 20, 4, 11, 18, 2, 
          9, 16, 23, 7 ], 
      [ 8, 15, 22, 6, 13, 20, 4, 11, 18, 2, 9, 16, 23, 7, 14, 21, 5, 12, 19, 
          3, 10, 17, 1 ], 
      [ 2, 9, 16, 23, 7, 14, 21, 5, 12, 19, 3, 10, 17, 1, 8, 15, 22, 6, 13, 
          20, 4, 11, 18 ], 
      [ 19, 3, 10, 17, 1, 8, 15, 22, 6, 13, 20, 4, 11, 18, 2, 9, 16, 23, 7, 
          14, 21, 5, 12 ], 
      [ 13, 20, 4, 11, 18, 2, 9, 16, 23, 7, 14, 21, 5, 12, 19, 3, 10, 17, 1, 
          8, 15, 22, 6 ], 
      [ 7, 14, 21, 5, 12, 19, 3, 10, 17, 1, 8, 15, 22, 6, 13, 20, 4, 11, 18, 
          2, 9, 16, 23 ] ],
  ordFix := 1,
  ordf := 22,
  psi := GroupHomomorphismByImages( Group( 
    [ ( 1, 2, 3, 4, 5, 6, 7, 8, 9,10,11,12,13,14,15,16,17,18,19,20,21,22,23) 
     ] ), Group( 
    [ ( 1, 2, 3, 4, 5, 6, 7, 8, 9,10,11,12,13,14,15,16,17,18,19,20,21,22,23) 
     ] ), 
    [ ( 1, 2, 3, 4, 5, 6, 7, 8, 9,10,11,12,13,14,15,16,17,18,19,20,21,22,23) 
     ], 
    [ ( 1, 8,15,22, 6,13,20, 4,11,18, 2, 9,16,23, 7,14,21, 5,12,19, 3,10,17) 
     ] ) ),
# No.8
rec(
  G := 
   Group( 
    [ ( 1, 2, 3, 4, 5, 6, 7, 8, 9,10,11,12,13,14,15,16,17,18,19,20,21,22,23) 
     ] ),
  isConnected := true,
  matrix := 
   [ [ 1, 9, 17, 2, 10, 18, 3, 11, 19, 4, 12, 20, 5, 13, 21, 6, 14, 22, 7, 
          15, 23, 8, 16 ], 
      [ 17, 2, 10, 18, 3, 11, 19, 4, 12, 20, 5, 13, 21, 6, 14, 22, 7, 15, 23, 
          8, 16, 1, 9 ], 
      [ 10, 18, 3, 11, 19, 4, 12, 20, 5, 13, 21, 6, 14, 22, 7, 15, 23, 8, 16, 
          1, 9, 17, 2 ], 
      [ 3, 11, 19, 4, 12, 20, 5, 13, 21, 6, 14, 22, 7, 15, 23, 8, 16, 1, 9, 
          17, 2, 10, 18 ], 
      [ 19, 4, 12, 20, 5, 13, 21, 6, 14, 22, 7, 15, 23, 8, 16, 1, 9, 17, 2, 
          10, 18, 3, 11 ], 
      [ 12, 20, 5, 13, 21, 6, 14, 22, 7, 15, 23, 8, 16, 1, 9, 17, 2, 10, 18, 
          3, 11, 19, 4 ], 
      [ 5, 13, 21, 6, 14, 22, 7, 15, 23, 8, 16, 1, 9, 17, 2, 10, 18, 3, 11, 
          19, 4, 12, 20 ], 
      [ 21, 6, 14, 22, 7, 15, 23, 8, 16, 1, 9, 17, 2, 10, 18, 3, 11, 19, 4, 
          12, 20, 5, 13 ], 
      [ 14, 22, 7, 15, 23, 8, 16, 1, 9, 17, 2, 10, 18, 3, 11, 19, 4, 12, 20, 
          5, 13, 21, 6 ], 
      [ 7, 15, 23, 8, 16, 1, 9, 17, 2, 10, 18, 3, 11, 19, 4, 12, 20, 5, 13, 
          21, 6, 14, 22 ], 
      [ 23, 8, 16, 1, 9, 17, 2, 10, 18, 3, 11, 19, 4, 12, 20, 5, 13, 21, 6, 
          14, 22, 7, 15 ], 
      [ 16, 1, 9, 17, 2, 10, 18, 3, 11, 19, 4, 12, 20, 5, 13, 21, 6, 14, 22, 
          7, 15, 23, 8 ], 
      [ 9, 17, 2, 10, 18, 3, 11, 19, 4, 12, 20, 5, 13, 21, 6, 14, 22, 7, 15, 
          23, 8, 16, 1 ], 
      [ 2, 10, 18, 3, 11, 19, 4, 12, 20, 5, 13, 21, 6, 14, 22, 7, 15, 23, 8, 
          16, 1, 9, 17 ], 
      [ 18, 3, 11, 19, 4, 12, 20, 5, 13, 21, 6, 14, 22, 7, 15, 23, 8, 16, 1, 
          9, 17, 2, 10 ], 
      [ 11, 19, 4, 12, 20, 5, 13, 21, 6, 14, 22, 7, 15, 23, 8, 16, 1, 9, 17, 
          2, 10, 18, 3 ], 
      [ 4, 12, 20, 5, 13, 21, 6, 14, 22, 7, 15, 23, 8, 16, 1, 9, 17, 2, 10, 
          18, 3, 11, 19 ], 
      [ 20, 5, 13, 21, 6, 14, 22, 7, 15, 23, 8, 16, 1, 9, 17, 2, 10, 18, 3, 
          11, 19, 4, 12 ], 
      [ 13, 21, 6, 14, 22, 7, 15, 23, 8, 16, 1, 9, 17, 2, 10, 18, 3, 11, 19, 
          4, 12, 20, 5 ], 
      [ 6, 14, 22, 7, 15, 23, 8, 16, 1, 9, 17, 2, 10, 18, 3, 11, 19, 4, 12, 
          20, 5, 13, 21 ], 
      [ 22, 7, 15, 23, 8, 16, 1, 9, 17, 2, 10, 18, 3, 11, 19, 4, 12, 20, 5, 
          13, 21, 6, 14 ], 
      [ 15, 23, 8, 16, 1, 9, 17, 2, 10, 18, 3, 11, 19, 4, 12, 20, 5, 13, 21, 
          6, 14, 22, 7 ], 
      [ 8, 16, 1, 9, 17, 2, 10, 18, 3, 11, 19, 4, 12, 20, 5, 13, 21, 6, 14, 
          22, 7, 15, 23 ] ],
  ordFix := 1,
  ordf := 11,
  psi := GroupHomomorphismByImages( Group( 
    [ ( 1, 2, 3, 4, 5, 6, 7, 8, 9,10,11,12,13,14,15,16,17,18,19,20,21,22,23) 
     ] ), Group( 
    [ ( 1, 2, 3, 4, 5, 6, 7, 8, 9,10,11,12,13,14,15,16,17,18,19,20,21,22,23) 
     ] ), 
    [ ( 1, 2, 3, 4, 5, 6, 7, 8, 9,10,11,12,13,14,15,16,17,18,19,20,21,22,23) 
     ], 
    [ ( 1, 9,17, 2,10,18, 3,11,19, 4,12,20, 5,13,21, 6,14,22, 7,15,23, 8,16) 
     ] ) ),
# No.9
rec(
  G := 
   Group( 
    [ ( 1, 2, 3, 4, 5, 6, 7, 8, 9,10,11,12,13,14,15,16,17,18,19,20,21,22,23) 
     ] ),
  isConnected := true,
  matrix := 
   [ [ 1, 10, 19, 5, 14, 23, 9, 18, 4, 13, 22, 8, 17, 3, 12, 21, 7, 16, 2, 
          11, 20, 6, 15 ], 
      [ 16, 2, 11, 20, 6, 15, 1, 10, 19, 5, 14, 23, 9, 18, 4, 13, 22, 8, 17, 
          3, 12, 21, 7 ], 
      [ 8, 17, 3, 12, 21, 7, 16, 2, 11, 20, 6, 15, 1, 10, 19, 5, 14, 23, 9, 
          18, 4, 13, 22 ], 
      [ 23, 9, 18, 4, 13, 22, 8, 17, 3, 12, 21, 7, 16, 2, 11, 20, 6, 15, 1, 
          10, 19, 5, 14 ], 
      [ 15, 1, 10, 19, 5, 14, 23, 9, 18, 4, 13, 22, 8, 17, 3, 12, 21, 7, 16, 
          2, 11, 20, 6 ], 
      [ 7, 16, 2, 11, 20, 6, 15, 1, 10, 19, 5, 14, 23, 9, 18, 4, 13, 22, 8, 
          17, 3, 12, 21 ], 
      [ 22, 8, 17, 3, 12, 21, 7, 16, 2, 11, 20, 6, 15, 1, 10, 19, 5, 14, 23, 
          9, 18, 4, 13 ], 
      [ 14, 23, 9, 18, 4, 13, 22, 8, 17, 3, 12, 21, 7, 16, 2, 11, 20, 6, 15, 
          1, 10, 19, 5 ], 
      [ 6, 15, 1, 10, 19, 5, 14, 23, 9, 18, 4, 13, 22, 8, 17, 3, 12, 21, 7, 
          16, 2, 11, 20 ], 
      [ 21, 7, 16, 2, 11, 20, 6, 15, 1, 10, 19, 5, 14, 23, 9, 18, 4, 13, 22, 
          8, 17, 3, 12 ], 
      [ 13, 22, 8, 17, 3, 12, 21, 7, 16, 2, 11, 20, 6, 15, 1, 10, 19, 5, 14, 
          23, 9, 18, 4 ], 
      [ 5, 14, 23, 9, 18, 4, 13, 22, 8, 17, 3, 12, 21, 7, 16, 2, 11, 20, 6, 
          15, 1, 10, 19 ], 
      [ 20, 6, 15, 1, 10, 19, 5, 14, 23, 9, 18, 4, 13, 22, 8, 17, 3, 12, 21, 
          7, 16, 2, 11 ], 
      [ 12, 21, 7, 16, 2, 11, 20, 6, 15, 1, 10, 19, 5, 14, 23, 9, 18, 4, 13, 
          22, 8, 17, 3 ], 
      [ 4, 13, 22, 8, 17, 3, 12, 21, 7, 16, 2, 11, 20, 6, 15, 1, 10, 19, 5, 
          14, 23, 9, 18 ], 
      [ 19, 5, 14, 23, 9, 18, 4, 13, 22, 8, 17, 3, 12, 21, 7, 16, 2, 11, 20, 
          6, 15, 1, 10 ], 
      [ 11, 20, 6, 15, 1, 10, 19, 5, 14, 23, 9, 18, 4, 13, 22, 8, 17, 3, 12, 
          21, 7, 16, 2 ], 
      [ 3, 12, 21, 7, 16, 2, 11, 20, 6, 15, 1, 10, 19, 5, 14, 23, 9, 18, 4, 
          13, 22, 8, 17 ], 
      [ 18, 4, 13, 22, 8, 17, 3, 12, 21, 7, 16, 2, 11, 20, 6, 15, 1, 10, 19, 
          5, 14, 23, 9 ], 
      [ 10, 19, 5, 14, 23, 9, 18, 4, 13, 22, 8, 17, 3, 12, 21, 7, 16, 2, 11, 
          20, 6, 15, 1 ], 
      [ 2, 11, 20, 6, 15, 1, 10, 19, 5, 14, 23, 9, 18, 4, 13, 22, 8, 17, 3, 
          12, 21, 7, 16 ], 
      [ 17, 3, 12, 21, 7, 16, 2, 11, 20, 6, 15, 1, 10, 19, 5, 14, 23, 9, 18, 
          4, 13, 22, 8 ], 
      [ 9, 18, 4, 13, 22, 8, 17, 3, 12, 21, 7, 16, 2, 11, 20, 6, 15, 1, 10, 
          19, 5, 14, 23 ] ],
  ordFix := 1,
  ordf := 11,
  psi := GroupHomomorphismByImages( Group( 
    [ ( 1, 2, 3, 4, 5, 6, 7, 8, 9,10,11,12,13,14,15,16,17,18,19,20,21,22,23) 
     ] ), Group( 
    [ ( 1, 2, 3, 4, 5, 6, 7, 8, 9,10,11,12,13,14,15,16,17,18,19,20,21,22,23) 
     ] ), 
    [ ( 1, 2, 3, 4, 5, 6, 7, 8, 9,10,11,12,13,14,15,16,17,18,19,20,21,22,23) 
     ], 
    [ ( 1,10,19, 5,14,23, 9,18, 4,13,22, 8,17, 3,12,21, 7,16, 2,11,20, 6,15) 
     ] ) ),
# No.10
rec(
  G := 
   Group( 
    [ ( 1, 2, 3, 4, 5, 6, 7, 8, 9,10,11,12,13,14,15,16,17,18,19,20,21,22,23) 
     ] ),
  isConnected := true,
  matrix := 
   [ [ 1, 11, 21, 8, 18, 5, 15, 2, 12, 22, 9, 19, 6, 16, 3, 13, 23, 10, 20, 
          7, 17, 4, 14 ], 
      [ 15, 2, 12, 22, 9, 19, 6, 16, 3, 13, 23, 10, 20, 7, 17, 4, 14, 1, 11, 
          21, 8, 18, 5 ], 
      [ 6, 16, 3, 13, 23, 10, 20, 7, 17, 4, 14, 1, 11, 21, 8, 18, 5, 15, 2, 
          12, 22, 9, 19 ], 
      [ 20, 7, 17, 4, 14, 1, 11, 21, 8, 18, 5, 15, 2, 12, 22, 9, 19, 6, 16, 
          3, 13, 23, 10 ], 
      [ 11, 21, 8, 18, 5, 15, 2, 12, 22, 9, 19, 6, 16, 3, 13, 23, 10, 20, 7, 
          17, 4, 14, 1 ], 
      [ 2, 12, 22, 9, 19, 6, 16, 3, 13, 23, 10, 20, 7, 17, 4, 14, 1, 11, 21, 
          8, 18, 5, 15 ], 
      [ 16, 3, 13, 23, 10, 20, 7, 17, 4, 14, 1, 11, 21, 8, 18, 5, 15, 2, 12, 
          22, 9, 19, 6 ], 
      [ 7, 17, 4, 14, 1, 11, 21, 8, 18, 5, 15, 2, 12, 22, 9, 19, 6, 16, 3, 
          13, 23, 10, 20 ], 
      [ 21, 8, 18, 5, 15, 2, 12, 22, 9, 19, 6, 16, 3, 13, 23, 10, 20, 7, 17, 
          4, 14, 1, 11 ], 
      [ 12, 22, 9, 19, 6, 16, 3, 13, 23, 10, 20, 7, 17, 4, 14, 1, 11, 21, 8, 
          18, 5, 15, 2 ], 
      [ 3, 13, 23, 10, 20, 7, 17, 4, 14, 1, 11, 21, 8, 18, 5, 15, 2, 12, 22, 
          9, 19, 6, 16 ], 
      [ 17, 4, 14, 1, 11, 21, 8, 18, 5, 15, 2, 12, 22, 9, 19, 6, 16, 3, 13, 
          23, 10, 20, 7 ], 
      [ 8, 18, 5, 15, 2, 12, 22, 9, 19, 6, 16, 3, 13, 23, 10, 20, 7, 17, 4, 
          14, 1, 11, 21 ], 
      [ 22, 9, 19, 6, 16, 3, 13, 23, 10, 20, 7, 17, 4, 14, 1, 11, 21, 8, 18, 
          5, 15, 2, 12 ], 
      [ 13, 23, 10, 20, 7, 17, 4, 14, 1, 11, 21, 8, 18, 5, 15, 2, 12, 22, 9, 
          19, 6, 16, 3 ], 
      [ 4, 14, 1, 11, 21, 8, 18, 5, 15, 2, 12, 22, 9, 19, 6, 16, 3, 13, 23, 
          10, 20, 7, 17 ], 
      [ 18, 5, 15, 2, 12, 22, 9, 19, 6, 16, 3, 13, 23, 10, 20, 7, 17, 4, 14, 
          1, 11, 21, 8 ], 
      [ 9, 19, 6, 16, 3, 13, 23, 10, 20, 7, 17, 4, 14, 1, 11, 21, 8, 18, 5, 
          15, 2, 12, 22 ], 
      [ 23, 10, 20, 7, 17, 4, 14, 1, 11, 21, 8, 18, 5, 15, 2, 12, 22, 9, 19, 
          6, 16, 3, 13 ], 
      [ 14, 1, 11, 21, 8, 18, 5, 15, 2, 12, 22, 9, 19, 6, 16, 3, 13, 23, 10, 
          20, 7, 17, 4 ], 
      [ 5, 15, 2, 12, 22, 9, 19, 6, 16, 3, 13, 23, 10, 20, 7, 17, 4, 14, 1, 
          11, 21, 8, 18 ], 
      [ 19, 6, 16, 3, 13, 23, 10, 20, 7, 17, 4, 14, 1, 11, 21, 8, 18, 5, 15, 
          2, 12, 22, 9 ], 
      [ 10, 20, 7, 17, 4, 14, 1, 11, 21, 8, 18, 5, 15, 2, 12, 22, 9, 19, 6, 
          16, 3, 13, 23 ] ],
  ordFix := 1,
  ordf := 22,
  psi := GroupHomomorphismByImages( Group( 
    [ ( 1, 2, 3, 4, 5, 6, 7, 8, 9,10,11,12,13,14,15,16,17,18,19,20,21,22,23) 
     ] ), Group( 
    [ ( 1, 2, 3, 4, 5, 6, 7, 8, 9,10,11,12,13,14,15,16,17,18,19,20,21,22,23) 
     ] ), 
    [ ( 1, 2, 3, 4, 5, 6, 7, 8, 9,10,11,12,13,14,15,16,17,18,19,20,21,22,23) 
     ], 
    [ ( 1,11,21, 8,18, 5,15, 2,12,22, 9,19, 6,16, 3,13,23,10,20, 7,17, 4,14) 
     ] ) ),
# No.11
rec(
  G := 
   Group( 
    [ ( 1, 2, 3, 4, 5, 6, 7, 8, 9,10,11,12,13,14,15,16,17,18,19,20,21,22,23) 
     ] ),
  isConnected := true,
  matrix := 
   [ [ 1, 12, 23, 11, 22, 10, 21, 9, 20, 8, 19, 7, 18, 6, 17, 5, 16, 4, 15, 
          3, 14, 2, 13 ], 
      [ 14, 2, 13, 1, 12, 23, 11, 22, 10, 21, 9, 20, 8, 19, 7, 18, 6, 17, 5, 
          16, 4, 15, 3 ], 
      [ 4, 15, 3, 14, 2, 13, 1, 12, 23, 11, 22, 10, 21, 9, 20, 8, 19, 7, 18, 
          6, 17, 5, 16 ], 
      [ 17, 5, 16, 4, 15, 3, 14, 2, 13, 1, 12, 23, 11, 22, 10, 21, 9, 20, 8, 
          19, 7, 18, 6 ], 
      [ 7, 18, 6, 17, 5, 16, 4, 15, 3, 14, 2, 13, 1, 12, 23, 11, 22, 10, 21, 
          9, 20, 8, 19 ], 
      [ 20, 8, 19, 7, 18, 6, 17, 5, 16, 4, 15, 3, 14, 2, 13, 1, 12, 23, 11, 
          22, 10, 21, 9 ], 
      [ 10, 21, 9, 20, 8, 19, 7, 18, 6, 17, 5, 16, 4, 15, 3, 14, 2, 13, 1, 
          12, 23, 11, 22 ], 
      [ 23, 11, 22, 10, 21, 9, 20, 8, 19, 7, 18, 6, 17, 5, 16, 4, 15, 3, 14, 
          2, 13, 1, 12 ], 
      [ 13, 1, 12, 23, 11, 22, 10, 21, 9, 20, 8, 19, 7, 18, 6, 17, 5, 16, 4, 
          15, 3, 14, 2 ], 
      [ 3, 14, 2, 13, 1, 12, 23, 11, 22, 10, 21, 9, 20, 8, 19, 7, 18, 6, 17, 
          5, 16, 4, 15 ], 
      [ 16, 4, 15, 3, 14, 2, 13, 1, 12, 23, 11, 22, 10, 21, 9, 20, 8, 19, 7, 
          18, 6, 17, 5 ], 
      [ 6, 17, 5, 16, 4, 15, 3, 14, 2, 13, 1, 12, 23, 11, 22, 10, 21, 9, 20, 
          8, 19, 7, 18 ], 
      [ 19, 7, 18, 6, 17, 5, 16, 4, 15, 3, 14, 2, 13, 1, 12, 23, 11, 22, 10, 
          21, 9, 20, 8 ], 
      [ 9, 20, 8, 19, 7, 18, 6, 17, 5, 16, 4, 15, 3, 14, 2, 13, 1, 12, 23, 
          11, 22, 10, 21 ], 
      [ 22, 10, 21, 9, 20, 8, 19, 7, 18, 6, 17, 5, 16, 4, 15, 3, 14, 2, 13, 
          1, 12, 23, 11 ], 
      [ 12, 23, 11, 22, 10, 21, 9, 20, 8, 19, 7, 18, 6, 17, 5, 16, 4, 15, 3, 
          14, 2, 13, 1 ], 
      [ 2, 13, 1, 12, 23, 11, 22, 10, 21, 9, 20, 8, 19, 7, 18, 6, 17, 5, 16, 
          4, 15, 3, 14 ], 
      [ 15, 3, 14, 2, 13, 1, 12, 23, 11, 22, 10, 21, 9, 20, 8, 19, 7, 18, 6, 
          17, 5, 16, 4 ], 
      [ 5, 16, 4, 15, 3, 14, 2, 13, 1, 12, 23, 11, 22, 10, 21, 9, 20, 8, 19, 
          7, 18, 6, 17 ], 
      [ 18, 6, 17, 5, 16, 4, 15, 3, 14, 2, 13, 1, 12, 23, 11, 22, 10, 21, 9, 
          20, 8, 19, 7 ], 
      [ 8, 19, 7, 18, 6, 17, 5, 16, 4, 15, 3, 14, 2, 13, 1, 12, 23, 11, 22, 
          10, 21, 9, 20 ], 
      [ 21, 9, 20, 8, 19, 7, 18, 6, 17, 5, 16, 4, 15, 3, 14, 2, 13, 1, 12, 
          23, 11, 22, 10 ], 
      [ 11, 22, 10, 21, 9, 20, 8, 19, 7, 18, 6, 17, 5, 16, 4, 15, 3, 14, 2, 
          13, 1, 12, 23 ] ],
  ordFix := 1,
  ordf := 22,
  psi := GroupHomomorphismByImages( Group( 
    [ ( 1, 2, 3, 4, 5, 6, 7, 8, 9,10,11,12,13,14,15,16,17,18,19,20,21,22,23) 
     ] ), Group( 
    [ ( 1, 2, 3, 4, 5, 6, 7, 8, 9,10,11,12,13,14,15,16,17,18,19,20,21,22,23) 
     ] ), 
    [ ( 1, 2, 3, 4, 5, 6, 7, 8, 9,10,11,12,13,14,15,16,17,18,19,20,21,22,23) 
     ], 
    [ ( 1,12,23,11,22,10,21, 9,20, 8,19, 7,18, 6,17, 5,16, 4,15, 3,14, 2,13) 
     ] ) ),
# No.12
rec(
  G := 
   Group( 
    [ ( 1, 2, 3, 4, 5, 6, 7, 8, 9,10,11,12,13,14,15,16,17,18,19,20,21,22,23) 
     ] ),
  isConnected := true,
  matrix := 
   [ [ 1, 13, 2, 14, 3, 15, 4, 16, 5, 17, 6, 18, 7, 19, 8, 20, 9, 21, 10, 22, 
          11, 23, 12 ], 
      [ 13, 2, 14, 3, 15, 4, 16, 5, 17, 6, 18, 7, 19, 8, 20, 9, 21, 10, 22, 
          11, 23, 12, 1 ], 
      [ 2, 14, 3, 15, 4, 16, 5, 17, 6, 18, 7, 19, 8, 20, 9, 21, 10, 22, 11, 
          23, 12, 1, 13 ], 
      [ 14, 3, 15, 4, 16, 5, 17, 6, 18, 7, 19, 8, 20, 9, 21, 10, 22, 11, 23, 
          12, 1, 13, 2 ], 
      [ 3, 15, 4, 16, 5, 17, 6, 18, 7, 19, 8, 20, 9, 21, 10, 22, 11, 23, 12, 
          1, 13, 2, 14 ], 
      [ 15, 4, 16, 5, 17, 6, 18, 7, 19, 8, 20, 9, 21, 10, 22, 11, 23, 12, 1, 
          13, 2, 14, 3 ], 
      [ 4, 16, 5, 17, 6, 18, 7, 19, 8, 20, 9, 21, 10, 22, 11, 23, 12, 1, 13, 
          2, 14, 3, 15 ], 
      [ 16, 5, 17, 6, 18, 7, 19, 8, 20, 9, 21, 10, 22, 11, 23, 12, 1, 13, 2, 
          14, 3, 15, 4 ], 
      [ 5, 17, 6, 18, 7, 19, 8, 20, 9, 21, 10, 22, 11, 23, 12, 1, 13, 2, 14, 
          3, 15, 4, 16 ], 
      [ 17, 6, 18, 7, 19, 8, 20, 9, 21, 10, 22, 11, 23, 12, 1, 13, 2, 14, 3, 
          15, 4, 16, 5 ], 
      [ 6, 18, 7, 19, 8, 20, 9, 21, 10, 22, 11, 23, 12, 1, 13, 2, 14, 3, 15, 
          4, 16, 5, 17 ], 
      [ 18, 7, 19, 8, 20, 9, 21, 10, 22, 11, 23, 12, 1, 13, 2, 14, 3, 15, 4, 
          16, 5, 17, 6 ], 
      [ 7, 19, 8, 20, 9, 21, 10, 22, 11, 23, 12, 1, 13, 2, 14, 3, 15, 4, 16, 
          5, 17, 6, 18 ], 
      [ 19, 8, 20, 9, 21, 10, 22, 11, 23, 12, 1, 13, 2, 14, 3, 15, 4, 16, 5, 
          17, 6, 18, 7 ], 
      [ 8, 20, 9, 21, 10, 22, 11, 23, 12, 1, 13, 2, 14, 3, 15, 4, 16, 5, 17, 
          6, 18, 7, 19 ], 
      [ 20, 9, 21, 10, 22, 11, 23, 12, 1, 13, 2, 14, 3, 15, 4, 16, 5, 17, 6, 
          18, 7, 19, 8 ], 
      [ 9, 21, 10, 22, 11, 23, 12, 1, 13, 2, 14, 3, 15, 4, 16, 5, 17, 6, 18, 
          7, 19, 8, 20 ], 
      [ 21, 10, 22, 11, 23, 12, 1, 13, 2, 14, 3, 15, 4, 16, 5, 17, 6, 18, 7, 
          19, 8, 20, 9 ], 
      [ 10, 22, 11, 23, 12, 1, 13, 2, 14, 3, 15, 4, 16, 5, 17, 6, 18, 7, 19, 
          8, 20, 9, 21 ], 
      [ 22, 11, 23, 12, 1, 13, 2, 14, 3, 15, 4, 16, 5, 17, 6, 18, 7, 19, 8, 
          20, 9, 21, 10 ], 
      [ 11, 23, 12, 1, 13, 2, 14, 3, 15, 4, 16, 5, 17, 6, 18, 7, 19, 8, 20, 
          9, 21, 10, 22 ], 
      [ 23, 12, 1, 13, 2, 14, 3, 15, 4, 16, 5, 17, 6, 18, 7, 19, 8, 20, 9, 
          21, 10, 22, 11 ], 
      [ 12, 1, 13, 2, 14, 3, 15, 4, 16, 5, 17, 6, 18, 7, 19, 8, 20, 9, 21, 
          10, 22, 11, 23 ] ],
  ordFix := 1,
  ordf := 11,
  psi := GroupHomomorphismByImages( Group( 
    [ ( 1, 2, 3, 4, 5, 6, 7, 8, 9,10,11,12,13,14,15,16,17,18,19,20,21,22,23) 
     ] ), Group( 
    [ ( 1, 2, 3, 4, 5, 6, 7, 8, 9,10,11,12,13,14,15,16,17,18,19,20,21,22,23) 
     ] ), 
    [ ( 1, 2, 3, 4, 5, 6, 7, 8, 9,10,11,12,13,14,15,16,17,18,19,20,21,22,23) 
     ], 
    [ ( 1,13, 2,14, 3,15, 4,16, 5,17, 6,18, 7,19, 8,20, 9,21,10,22,11,23,12) 
     ] ) ),
# No.13
rec(
  G := 
   Group( 
    [ ( 1, 2, 3, 4, 5, 6, 7, 8, 9,10,11,12,13,14,15,16,17,18,19,20,21,22,23) 
     ] ),
  isConnected := true,
  matrix := 
   [ [ 1, 14, 4, 17, 7, 20, 10, 23, 13, 3, 16, 6, 19, 9, 22, 12, 2, 15, 5, 
          18, 8, 21, 11 ], 
      [ 12, 2, 15, 5, 18, 8, 21, 11, 1, 14, 4, 17, 7, 20, 10, 23, 13, 3, 16, 
          6, 19, 9, 22 ], 
      [ 23, 13, 3, 16, 6, 19, 9, 22, 12, 2, 15, 5, 18, 8, 21, 11, 1, 14, 4, 
          17, 7, 20, 10 ], 
      [ 11, 1, 14, 4, 17, 7, 20, 10, 23, 13, 3, 16, 6, 19, 9, 22, 12, 2, 15, 
          5, 18, 8, 21 ], 
      [ 22, 12, 2, 15, 5, 18, 8, 21, 11, 1, 14, 4, 17, 7, 20, 10, 23, 13, 3, 
          16, 6, 19, 9 ], 
      [ 10, 23, 13, 3, 16, 6, 19, 9, 22, 12, 2, 15, 5, 18, 8, 21, 11, 1, 14, 
          4, 17, 7, 20 ], 
      [ 21, 11, 1, 14, 4, 17, 7, 20, 10, 23, 13, 3, 16, 6, 19, 9, 22, 12, 2, 
          15, 5, 18, 8 ], 
      [ 9, 22, 12, 2, 15, 5, 18, 8, 21, 11, 1, 14, 4, 17, 7, 20, 10, 23, 13, 
          3, 16, 6, 19 ], 
      [ 20, 10, 23, 13, 3, 16, 6, 19, 9, 22, 12, 2, 15, 5, 18, 8, 21, 11, 1, 
          14, 4, 17, 7 ], 
      [ 8, 21, 11, 1, 14, 4, 17, 7, 20, 10, 23, 13, 3, 16, 6, 19, 9, 22, 12, 
          2, 15, 5, 18 ], 
      [ 19, 9, 22, 12, 2, 15, 5, 18, 8, 21, 11, 1, 14, 4, 17, 7, 20, 10, 23, 
          13, 3, 16, 6 ], 
      [ 7, 20, 10, 23, 13, 3, 16, 6, 19, 9, 22, 12, 2, 15, 5, 18, 8, 21, 11, 
          1, 14, 4, 17 ], 
      [ 18, 8, 21, 11, 1, 14, 4, 17, 7, 20, 10, 23, 13, 3, 16, 6, 19, 9, 22, 
          12, 2, 15, 5 ], 
      [ 6, 19, 9, 22, 12, 2, 15, 5, 18, 8, 21, 11, 1, 14, 4, 17, 7, 20, 10, 
          23, 13, 3, 16 ], 
      [ 17, 7, 20, 10, 23, 13, 3, 16, 6, 19, 9, 22, 12, 2, 15, 5, 18, 8, 21, 
          11, 1, 14, 4 ], 
      [ 5, 18, 8, 21, 11, 1, 14, 4, 17, 7, 20, 10, 23, 13, 3, 16, 6, 19, 9, 
          22, 12, 2, 15 ], 
      [ 16, 6, 19, 9, 22, 12, 2, 15, 5, 18, 8, 21, 11, 1, 14, 4, 17, 7, 20, 
          10, 23, 13, 3 ], 
      [ 4, 17, 7, 20, 10, 23, 13, 3, 16, 6, 19, 9, 22, 12, 2, 15, 5, 18, 8, 
          21, 11, 1, 14 ], 
      [ 15, 5, 18, 8, 21, 11, 1, 14, 4, 17, 7, 20, 10, 23, 13, 3, 16, 6, 19, 
          9, 22, 12, 2 ], 
      [ 3, 16, 6, 19, 9, 22, 12, 2, 15, 5, 18, 8, 21, 11, 1, 14, 4, 17, 7, 
          20, 10, 23, 13 ], 
      [ 14, 4, 17, 7, 20, 10, 23, 13, 3, 16, 6, 19, 9, 22, 12, 2, 15, 5, 18, 
          8, 21, 11, 1 ], 
      [ 2, 15, 5, 18, 8, 21, 11, 1, 14, 4, 17, 7, 20, 10, 23, 13, 3, 16, 6, 
          19, 9, 22, 12 ], 
      [ 13, 3, 16, 6, 19, 9, 22, 12, 2, 15, 5, 18, 8, 21, 11, 1, 14, 4, 17, 
          7, 20, 10, 23 ] ],
  ordFix := 1,
  ordf := 11,
  psi := GroupHomomorphismByImages( Group( 
    [ ( 1, 2, 3, 4, 5, 6, 7, 8, 9,10,11,12,13,14,15,16,17,18,19,20,21,22,23) 
     ] ), Group( 
    [ ( 1, 2, 3, 4, 5, 6, 7, 8, 9,10,11,12,13,14,15,16,17,18,19,20,21,22,23) 
     ] ), 
    [ ( 1, 2, 3, 4, 5, 6, 7, 8, 9,10,11,12,13,14,15,16,17,18,19,20,21,22,23) 
     ], 
    [ ( 1,14, 4,17, 7,20,10,23,13, 3,16, 6,19, 9,22,12, 2,15, 5,18, 8,21,11) 
     ] ) ),
# No.14
rec(
  G := 
   Group( 
    [ ( 1, 2, 3, 4, 5, 6, 7, 8, 9,10,11,12,13,14,15,16,17,18,19,20,21,22,23) 
     ] ),
  isConnected := true,
  matrix := 
   [ [ 1, 15, 6, 20, 11, 2, 16, 7, 21, 12, 3, 17, 8, 22, 13, 4, 18, 9, 23, 
          14, 5, 19, 10 ], 
      [ 11, 2, 16, 7, 21, 12, 3, 17, 8, 22, 13, 4, 18, 9, 23, 14, 5, 19, 10, 
          1, 15, 6, 20 ], 
      [ 21, 12, 3, 17, 8, 22, 13, 4, 18, 9, 23, 14, 5, 19, 10, 1, 15, 6, 20, 
          11, 2, 16, 7 ], 
      [ 8, 22, 13, 4, 18, 9, 23, 14, 5, 19, 10, 1, 15, 6, 20, 11, 2, 16, 7, 
          21, 12, 3, 17 ], 
      [ 18, 9, 23, 14, 5, 19, 10, 1, 15, 6, 20, 11, 2, 16, 7, 21, 12, 3, 17, 
          8, 22, 13, 4 ], 
      [ 5, 19, 10, 1, 15, 6, 20, 11, 2, 16, 7, 21, 12, 3, 17, 8, 22, 13, 4, 
          18, 9, 23, 14 ], 
      [ 15, 6, 20, 11, 2, 16, 7, 21, 12, 3, 17, 8, 22, 13, 4, 18, 9, 23, 14, 
          5, 19, 10, 1 ], 
      [ 2, 16, 7, 21, 12, 3, 17, 8, 22, 13, 4, 18, 9, 23, 14, 5, 19, 10, 1, 
          15, 6, 20, 11 ], 
      [ 12, 3, 17, 8, 22, 13, 4, 18, 9, 23, 14, 5, 19, 10, 1, 15, 6, 20, 11, 
          2, 16, 7, 21 ], 
      [ 22, 13, 4, 18, 9, 23, 14, 5, 19, 10, 1, 15, 6, 20, 11, 2, 16, 7, 21, 
          12, 3, 17, 8 ], 
      [ 9, 23, 14, 5, 19, 10, 1, 15, 6, 20, 11, 2, 16, 7, 21, 12, 3, 17, 8, 
          22, 13, 4, 18 ], 
      [ 19, 10, 1, 15, 6, 20, 11, 2, 16, 7, 21, 12, 3, 17, 8, 22, 13, 4, 18, 
          9, 23, 14, 5 ], 
      [ 6, 20, 11, 2, 16, 7, 21, 12, 3, 17, 8, 22, 13, 4, 18, 9, 23, 14, 5, 
          19, 10, 1, 15 ], 
      [ 16, 7, 21, 12, 3, 17, 8, 22, 13, 4, 18, 9, 23, 14, 5, 19, 10, 1, 15, 
          6, 20, 11, 2 ], 
      [ 3, 17, 8, 22, 13, 4, 18, 9, 23, 14, 5, 19, 10, 1, 15, 6, 20, 11, 2, 
          16, 7, 21, 12 ], 
      [ 13, 4, 18, 9, 23, 14, 5, 19, 10, 1, 15, 6, 20, 11, 2, 16, 7, 21, 12, 
          3, 17, 8, 22 ], 
      [ 23, 14, 5, 19, 10, 1, 15, 6, 20, 11, 2, 16, 7, 21, 12, 3, 17, 8, 22, 
          13, 4, 18, 9 ], 
      [ 10, 1, 15, 6, 20, 11, 2, 16, 7, 21, 12, 3, 17, 8, 22, 13, 4, 18, 9, 
          23, 14, 5, 19 ], 
      [ 20, 11, 2, 16, 7, 21, 12, 3, 17, 8, 22, 13, 4, 18, 9, 23, 14, 5, 19, 
          10, 1, 15, 6 ], 
      [ 7, 21, 12, 3, 17, 8, 22, 13, 4, 18, 9, 23, 14, 5, 19, 10, 1, 15, 6, 
          20, 11, 2, 16 ], 
      [ 17, 8, 22, 13, 4, 18, 9, 23, 14, 5, 19, 10, 1, 15, 6, 20, 11, 2, 16, 
          7, 21, 12, 3 ], 
      [ 4, 18, 9, 23, 14, 5, 19, 10, 1, 15, 6, 20, 11, 2, 16, 7, 21, 12, 3, 
          17, 8, 22, 13 ], 
      [ 14, 5, 19, 10, 1, 15, 6, 20, 11, 2, 16, 7, 21, 12, 3, 17, 8, 22, 13, 
          4, 18, 9, 23 ] ],
  ordFix := 1,
  ordf := 22,
  psi := GroupHomomorphismByImages( Group( 
    [ ( 1, 2, 3, 4, 5, 6, 7, 8, 9,10,11,12,13,14,15,16,17,18,19,20,21,22,23) 
     ] ), Group( 
    [ ( 1, 2, 3, 4, 5, 6, 7, 8, 9,10,11,12,13,14,15,16,17,18,19,20,21,22,23) 
     ] ), 
    [ ( 1, 2, 3, 4, 5, 6, 7, 8, 9,10,11,12,13,14,15,16,17,18,19,20,21,22,23) 
     ], 
    [ ( 1,15, 6,20,11, 2,16, 7,21,12, 3,17, 8,22,13, 4,18, 9,23,14, 5,19,10) 
     ] ) ),
# No.15
rec(
  G := 
   Group( 
    [ ( 1, 2, 3, 4, 5, 6, 7, 8, 9,10,11,12,13,14,15,16,17,18,19,20,21,22,23) 
     ] ),
  isConnected := true,
  matrix := 
   [ [ 1, 16, 8, 23, 15, 7, 22, 14, 6, 21, 13, 5, 20, 12, 4, 19, 11, 3, 18, 
          10, 2, 17, 9 ], 
      [ 10, 2, 17, 9, 1, 16, 8, 23, 15, 7, 22, 14, 6, 21, 13, 5, 20, 12, 4, 
          19, 11, 3, 18 ], 
      [ 19, 11, 3, 18, 10, 2, 17, 9, 1, 16, 8, 23, 15, 7, 22, 14, 6, 21, 13, 
          5, 20, 12, 4 ], 
      [ 5, 20, 12, 4, 19, 11, 3, 18, 10, 2, 17, 9, 1, 16, 8, 23, 15, 7, 22, 
          14, 6, 21, 13 ], 
      [ 14, 6, 21, 13, 5, 20, 12, 4, 19, 11, 3, 18, 10, 2, 17, 9, 1, 16, 8, 
          23, 15, 7, 22 ], 
      [ 23, 15, 7, 22, 14, 6, 21, 13, 5, 20, 12, 4, 19, 11, 3, 18, 10, 2, 17, 
          9, 1, 16, 8 ], 
      [ 9, 1, 16, 8, 23, 15, 7, 22, 14, 6, 21, 13, 5, 20, 12, 4, 19, 11, 3, 
          18, 10, 2, 17 ], 
      [ 18, 10, 2, 17, 9, 1, 16, 8, 23, 15, 7, 22, 14, 6, 21, 13, 5, 20, 12, 
          4, 19, 11, 3 ], 
      [ 4, 19, 11, 3, 18, 10, 2, 17, 9, 1, 16, 8, 23, 15, 7, 22, 14, 6, 21, 
          13, 5, 20, 12 ], 
      [ 13, 5, 20, 12, 4, 19, 11, 3, 18, 10, 2, 17, 9, 1, 16, 8, 23, 15, 7, 
          22, 14, 6, 21 ], 
      [ 22, 14, 6, 21, 13, 5, 20, 12, 4, 19, 11, 3, 18, 10, 2, 17, 9, 1, 16, 
          8, 23, 15, 7 ], 
      [ 8, 23, 15, 7, 22, 14, 6, 21, 13, 5, 20, 12, 4, 19, 11, 3, 18, 10, 2, 
          17, 9, 1, 16 ], 
      [ 17, 9, 1, 16, 8, 23, 15, 7, 22, 14, 6, 21, 13, 5, 20, 12, 4, 19, 11, 
          3, 18, 10, 2 ], 
      [ 3, 18, 10, 2, 17, 9, 1, 16, 8, 23, 15, 7, 22, 14, 6, 21, 13, 5, 20, 
          12, 4, 19, 11 ], 
      [ 12, 4, 19, 11, 3, 18, 10, 2, 17, 9, 1, 16, 8, 23, 15, 7, 22, 14, 6, 
          21, 13, 5, 20 ], 
      [ 21, 13, 5, 20, 12, 4, 19, 11, 3, 18, 10, 2, 17, 9, 1, 16, 8, 23, 15, 
          7, 22, 14, 6 ], 
      [ 7, 22, 14, 6, 21, 13, 5, 20, 12, 4, 19, 11, 3, 18, 10, 2, 17, 9, 1, 
          16, 8, 23, 15 ], 
      [ 16, 8, 23, 15, 7, 22, 14, 6, 21, 13, 5, 20, 12, 4, 19, 11, 3, 18, 10, 
          2, 17, 9, 1 ], 
      [ 2, 17, 9, 1, 16, 8, 23, 15, 7, 22, 14, 6, 21, 13, 5, 20, 12, 4, 19, 
          11, 3, 18, 10 ], 
      [ 11, 3, 18, 10, 2, 17, 9, 1, 16, 8, 23, 15, 7, 22, 14, 6, 21, 13, 5, 
          20, 12, 4, 19 ], 
      [ 20, 12, 4, 19, 11, 3, 18, 10, 2, 17, 9, 1, 16, 8, 23, 15, 7, 22, 14, 
          6, 21, 13, 5 ], 
      [ 6, 21, 13, 5, 20, 12, 4, 19, 11, 3, 18, 10, 2, 17, 9, 1, 16, 8, 23, 
          15, 7, 22, 14 ], 
      [ 15, 7, 22, 14, 6, 21, 13, 5, 20, 12, 4, 19, 11, 3, 18, 10, 2, 17, 9, 
          1, 16, 8, 23 ] ],
  ordFix := 1,
  ordf := 22,
  psi := GroupHomomorphismByImages( Group( 
    [ ( 1, 2, 3, 4, 5, 6, 7, 8, 9,10,11,12,13,14,15,16,17,18,19,20,21,22,23) 
     ] ), Group( 
    [ ( 1, 2, 3, 4, 5, 6, 7, 8, 9,10,11,12,13,14,15,16,17,18,19,20,21,22,23) 
     ] ), 
    [ ( 1, 2, 3, 4, 5, 6, 7, 8, 9,10,11,12,13,14,15,16,17,18,19,20,21,22,23) 
     ], 
    [ ( 1,16, 8,23,15, 7,22,14, 6,21,13, 5,20,12, 4,19,11, 3,18,10, 2,17, 9) 
     ] ) ),
# No.16
rec(
  G := 
   Group( 
    [ ( 1, 2, 3, 4, 5, 6, 7, 8, 9,10,11,12,13,14,15,16,17,18,19,20,21,22,23) 
     ] ),
  isConnected := true,
  matrix := 
   [ [ 1, 17, 10, 3, 19, 12, 5, 21, 14, 7, 23, 16, 9, 2, 18, 11, 4, 20, 13, 
          6, 22, 15, 8 ], 
      [ 9, 2, 18, 11, 4, 20, 13, 6, 22, 15, 8, 1, 17, 10, 3, 19, 12, 5, 21, 
          14, 7, 23, 16 ], 
      [ 17, 10, 3, 19, 12, 5, 21, 14, 7, 23, 16, 9, 2, 18, 11, 4, 20, 13, 6, 
          22, 15, 8, 1 ], 
      [ 2, 18, 11, 4, 20, 13, 6, 22, 15, 8, 1, 17, 10, 3, 19, 12, 5, 21, 14, 
          7, 23, 16, 9 ], 
      [ 10, 3, 19, 12, 5, 21, 14, 7, 23, 16, 9, 2, 18, 11, 4, 20, 13, 6, 22, 
          15, 8, 1, 17 ], 
      [ 18, 11, 4, 20, 13, 6, 22, 15, 8, 1, 17, 10, 3, 19, 12, 5, 21, 14, 7, 
          23, 16, 9, 2 ], 
      [ 3, 19, 12, 5, 21, 14, 7, 23, 16, 9, 2, 18, 11, 4, 20, 13, 6, 22, 15, 
          8, 1, 17, 10 ], 
      [ 11, 4, 20, 13, 6, 22, 15, 8, 1, 17, 10, 3, 19, 12, 5, 21, 14, 7, 23, 
          16, 9, 2, 18 ], 
      [ 19, 12, 5, 21, 14, 7, 23, 16, 9, 2, 18, 11, 4, 20, 13, 6, 22, 15, 8, 
          1, 17, 10, 3 ], 
      [ 4, 20, 13, 6, 22, 15, 8, 1, 17, 10, 3, 19, 12, 5, 21, 14, 7, 23, 16, 
          9, 2, 18, 11 ], 
      [ 12, 5, 21, 14, 7, 23, 16, 9, 2, 18, 11, 4, 20, 13, 6, 22, 15, 8, 1, 
          17, 10, 3, 19 ], 
      [ 20, 13, 6, 22, 15, 8, 1, 17, 10, 3, 19, 12, 5, 21, 14, 7, 23, 16, 9, 
          2, 18, 11, 4 ], 
      [ 5, 21, 14, 7, 23, 16, 9, 2, 18, 11, 4, 20, 13, 6, 22, 15, 8, 1, 17, 
          10, 3, 19, 12 ], 
      [ 13, 6, 22, 15, 8, 1, 17, 10, 3, 19, 12, 5, 21, 14, 7, 23, 16, 9, 2, 
          18, 11, 4, 20 ], 
      [ 21, 14, 7, 23, 16, 9, 2, 18, 11, 4, 20, 13, 6, 22, 15, 8, 1, 17, 10, 
          3, 19, 12, 5 ], 
      [ 6, 22, 15, 8, 1, 17, 10, 3, 19, 12, 5, 21, 14, 7, 23, 16, 9, 2, 18, 
          11, 4, 20, 13 ], 
      [ 14, 7, 23, 16, 9, 2, 18, 11, 4, 20, 13, 6, 22, 15, 8, 1, 17, 10, 3, 
          19, 12, 5, 21 ], 
      [ 22, 15, 8, 1, 17, 10, 3, 19, 12, 5, 21, 14, 7, 23, 16, 9, 2, 18, 11, 
          4, 20, 13, 6 ], 
      [ 7, 23, 16, 9, 2, 18, 11, 4, 20, 13, 6, 22, 15, 8, 1, 17, 10, 3, 19, 
          12, 5, 21, 14 ], 
      [ 15, 8, 1, 17, 10, 3, 19, 12, 5, 21, 14, 7, 23, 16, 9, 2, 18, 11, 4, 
          20, 13, 6, 22 ], 
      [ 23, 16, 9, 2, 18, 11, 4, 20, 13, 6, 22, 15, 8, 1, 17, 10, 3, 19, 12, 
          5, 21, 14, 7 ], 
      [ 8, 1, 17, 10, 3, 19, 12, 5, 21, 14, 7, 23, 16, 9, 2, 18, 11, 4, 20, 
          13, 6, 22, 15 ], 
      [ 16, 9, 2, 18, 11, 4, 20, 13, 6, 22, 15, 8, 1, 17, 10, 3, 19, 12, 5, 
          21, 14, 7, 23 ] ],
  ordFix := 1,
  ordf := 11,
  psi := GroupHomomorphismByImages( Group( 
    [ ( 1, 2, 3, 4, 5, 6, 7, 8, 9,10,11,12,13,14,15,16,17,18,19,20,21,22,23) 
     ] ), Group( 
    [ ( 1, 2, 3, 4, 5, 6, 7, 8, 9,10,11,12,13,14,15,16,17,18,19,20,21,22,23) 
     ] ), 
    [ ( 1, 2, 3, 4, 5, 6, 7, 8, 9,10,11,12,13,14,15,16,17,18,19,20,21,22,23) 
     ], 
    [ ( 1,17,10, 3,19,12, 5,21,14, 7,23,16, 9, 2,18,11, 4,20,13, 6,22,15, 8) 
     ] ) ),
# No.17
rec(
  G := 
   Group( 
    [ ( 1, 2, 3, 4, 5, 6, 7, 8, 9,10,11,12,13,14,15,16,17,18,19,20,21,22,23) 
     ] ),
  isConnected := true,
  matrix := 
   [ [ 1, 18, 12, 6, 23, 17, 11, 5, 22, 16, 10, 4, 21, 15, 9, 3, 20, 14, 8, 
          2, 19, 13, 7 ], 
      [ 8, 2, 19, 13, 7, 1, 18, 12, 6, 23, 17, 11, 5, 22, 16, 10, 4, 21, 15, 
          9, 3, 20, 14 ], 
      [ 15, 9, 3, 20, 14, 8, 2, 19, 13, 7, 1, 18, 12, 6, 23, 17, 11, 5, 22, 
          16, 10, 4, 21 ], 
      [ 22, 16, 10, 4, 21, 15, 9, 3, 20, 14, 8, 2, 19, 13, 7, 1, 18, 12, 6, 
          23, 17, 11, 5 ], 
      [ 6, 23, 17, 11, 5, 22, 16, 10, 4, 21, 15, 9, 3, 20, 14, 8, 2, 19, 13, 
          7, 1, 18, 12 ], 
      [ 13, 7, 1, 18, 12, 6, 23, 17, 11, 5, 22, 16, 10, 4, 21, 15, 9, 3, 20, 
          14, 8, 2, 19 ], 
      [ 20, 14, 8, 2, 19, 13, 7, 1, 18, 12, 6, 23, 17, 11, 5, 22, 16, 10, 4, 
          21, 15, 9, 3 ], 
      [ 4, 21, 15, 9, 3, 20, 14, 8, 2, 19, 13, 7, 1, 18, 12, 6, 23, 17, 11, 
          5, 22, 16, 10 ], 
      [ 11, 5, 22, 16, 10, 4, 21, 15, 9, 3, 20, 14, 8, 2, 19, 13, 7, 1, 18, 
          12, 6, 23, 17 ], 
      [ 18, 12, 6, 23, 17, 11, 5, 22, 16, 10, 4, 21, 15, 9, 3, 20, 14, 8, 2, 
          19, 13, 7, 1 ], 
      [ 2, 19, 13, 7, 1, 18, 12, 6, 23, 17, 11, 5, 22, 16, 10, 4, 21, 15, 9, 
          3, 20, 14, 8 ], 
      [ 9, 3, 20, 14, 8, 2, 19, 13, 7, 1, 18, 12, 6, 23, 17, 11, 5, 22, 16, 
          10, 4, 21, 15 ], 
      [ 16, 10, 4, 21, 15, 9, 3, 20, 14, 8, 2, 19, 13, 7, 1, 18, 12, 6, 23, 
          17, 11, 5, 22 ], 
      [ 23, 17, 11, 5, 22, 16, 10, 4, 21, 15, 9, 3, 20, 14, 8, 2, 19, 13, 7, 
          1, 18, 12, 6 ], 
      [ 7, 1, 18, 12, 6, 23, 17, 11, 5, 22, 16, 10, 4, 21, 15, 9, 3, 20, 14, 
          8, 2, 19, 13 ], 
      [ 14, 8, 2, 19, 13, 7, 1, 18, 12, 6, 23, 17, 11, 5, 22, 16, 10, 4, 21, 
          15, 9, 3, 20 ], 
      [ 21, 15, 9, 3, 20, 14, 8, 2, 19, 13, 7, 1, 18, 12, 6, 23, 17, 11, 5, 
          22, 16, 10, 4 ], 
      [ 5, 22, 16, 10, 4, 21, 15, 9, 3, 20, 14, 8, 2, 19, 13, 7, 1, 18, 12, 
          6, 23, 17, 11 ], 
      [ 12, 6, 23, 17, 11, 5, 22, 16, 10, 4, 21, 15, 9, 3, 20, 14, 8, 2, 19, 
          13, 7, 1, 18 ], 
      [ 19, 13, 7, 1, 18, 12, 6, 23, 17, 11, 5, 22, 16, 10, 4, 21, 15, 9, 3, 
          20, 14, 8, 2 ], 
      [ 3, 20, 14, 8, 2, 19, 13, 7, 1, 18, 12, 6, 23, 17, 11, 5, 22, 16, 10, 
          4, 21, 15, 9 ], 
      [ 10, 4, 21, 15, 9, 3, 20, 14, 8, 2, 19, 13, 7, 1, 18, 12, 6, 23, 17, 
          11, 5, 22, 16 ], 
      [ 17, 11, 5, 22, 16, 10, 4, 21, 15, 9, 3, 20, 14, 8, 2, 19, 13, 7, 1, 
          18, 12, 6, 23 ] ],
  ordFix := 1,
  ordf := 22,
  psi := GroupHomomorphismByImages( Group( 
    [ ( 1, 2, 3, 4, 5, 6, 7, 8, 9,10,11,12,13,14,15,16,17,18,19,20,21,22,23) 
     ] ), Group( 
    [ ( 1, 2, 3, 4, 5, 6, 7, 8, 9,10,11,12,13,14,15,16,17,18,19,20,21,22,23) 
     ] ), 
    [ ( 1, 2, 3, 4, 5, 6, 7, 8, 9,10,11,12,13,14,15,16,17,18,19,20,21,22,23) 
     ], 
    [ ( 1,18,12, 6,23,17,11, 5,22,16,10, 4,21,15, 9, 3,20,14, 8, 2,19,13, 7) 
     ] ) ),
# No.18
rec(
  G := 
   Group( 
    [ ( 1, 2, 3, 4, 5, 6, 7, 8, 9,10,11,12,13,14,15,16,17,18,19,20,21,22,23) 
     ] ),
  isConnected := true,
  matrix := 
   [ [ 1, 19, 14, 9, 4, 22, 17, 12, 7, 2, 20, 15, 10, 5, 23, 18, 13, 8, 3, 
          21, 16, 11, 6 ], 
      [ 7, 2, 20, 15, 10, 5, 23, 18, 13, 8, 3, 21, 16, 11, 6, 1, 19, 14, 9, 
          4, 22, 17, 12 ], 
      [ 13, 8, 3, 21, 16, 11, 6, 1, 19, 14, 9, 4, 22, 17, 12, 7, 2, 20, 15, 
          10, 5, 23, 18 ], 
      [ 19, 14, 9, 4, 22, 17, 12, 7, 2, 20, 15, 10, 5, 23, 18, 13, 8, 3, 21, 
          16, 11, 6, 1 ], 
      [ 2, 20, 15, 10, 5, 23, 18, 13, 8, 3, 21, 16, 11, 6, 1, 19, 14, 9, 4, 
          22, 17, 12, 7 ], 
      [ 8, 3, 21, 16, 11, 6, 1, 19, 14, 9, 4, 22, 17, 12, 7, 2, 20, 15, 10, 
          5, 23, 18, 13 ], 
      [ 14, 9, 4, 22, 17, 12, 7, 2, 20, 15, 10, 5, 23, 18, 13, 8, 3, 21, 16, 
          11, 6, 1, 19 ], 
      [ 20, 15, 10, 5, 23, 18, 13, 8, 3, 21, 16, 11, 6, 1, 19, 14, 9, 4, 22, 
          17, 12, 7, 2 ], 
      [ 3, 21, 16, 11, 6, 1, 19, 14, 9, 4, 22, 17, 12, 7, 2, 20, 15, 10, 5, 
          23, 18, 13, 8 ], 
      [ 9, 4, 22, 17, 12, 7, 2, 20, 15, 10, 5, 23, 18, 13, 8, 3, 21, 16, 11, 
          6, 1, 19, 14 ], 
      [ 15, 10, 5, 23, 18, 13, 8, 3, 21, 16, 11, 6, 1, 19, 14, 9, 4, 22, 17, 
          12, 7, 2, 20 ], 
      [ 21, 16, 11, 6, 1, 19, 14, 9, 4, 22, 17, 12, 7, 2, 20, 15, 10, 5, 23, 
          18, 13, 8, 3 ], 
      [ 4, 22, 17, 12, 7, 2, 20, 15, 10, 5, 23, 18, 13, 8, 3, 21, 16, 11, 6, 
          1, 19, 14, 9 ], 
      [ 10, 5, 23, 18, 13, 8, 3, 21, 16, 11, 6, 1, 19, 14, 9, 4, 22, 17, 12, 
          7, 2, 20, 15 ], 
      [ 16, 11, 6, 1, 19, 14, 9, 4, 22, 17, 12, 7, 2, 20, 15, 10, 5, 23, 18, 
          13, 8, 3, 21 ], 
      [ 22, 17, 12, 7, 2, 20, 15, 10, 5, 23, 18, 13, 8, 3, 21, 16, 11, 6, 1, 
          19, 14, 9, 4 ], 
      [ 5, 23, 18, 13, 8, 3, 21, 16, 11, 6, 1, 19, 14, 9, 4, 22, 17, 12, 7, 
          2, 20, 15, 10 ], 
      [ 11, 6, 1, 19, 14, 9, 4, 22, 17, 12, 7, 2, 20, 15, 10, 5, 23, 18, 13, 
          8, 3, 21, 16 ], 
      [ 17, 12, 7, 2, 20, 15, 10, 5, 23, 18, 13, 8, 3, 21, 16, 11, 6, 1, 19, 
          14, 9, 4, 22 ], 
      [ 23, 18, 13, 8, 3, 21, 16, 11, 6, 1, 19, 14, 9, 4, 22, 17, 12, 7, 2, 
          20, 15, 10, 5 ], 
      [ 6, 1, 19, 14, 9, 4, 22, 17, 12, 7, 2, 20, 15, 10, 5, 23, 18, 13, 8, 
          3, 21, 16, 11 ], 
      [ 12, 7, 2, 20, 15, 10, 5, 23, 18, 13, 8, 3, 21, 16, 11, 6, 1, 19, 14, 
          9, 4, 22, 17 ], 
      [ 18, 13, 8, 3, 21, 16, 11, 6, 1, 19, 14, 9, 4, 22, 17, 12, 7, 2, 20, 
          15, 10, 5, 23 ] ],
  ordFix := 1,
  ordf := 11,
  psi := GroupHomomorphismByImages( Group( 
    [ ( 1, 2, 3, 4, 5, 6, 7, 8, 9,10,11,12,13,14,15,16,17,18,19,20,21,22,23) 
     ] ), Group( 
    [ ( 1, 2, 3, 4, 5, 6, 7, 8, 9,10,11,12,13,14,15,16,17,18,19,20,21,22,23) 
     ] ), 
    [ ( 1, 2, 3, 4, 5, 6, 7, 8, 9,10,11,12,13,14,15,16,17,18,19,20,21,22,23) 
     ], 
    [ ( 1,19,14, 9, 4,22,17,12, 7, 2,20,15,10, 5,23,18,13, 8, 3,21,16,11, 6) 
     ] ) ),
# No.19
rec(
  G := 
   Group( 
    [ ( 1, 2, 3, 4, 5, 6, 7, 8, 9,10,11,12,13,14,15,16,17,18,19,20,21,22,23) 
     ] ),
  isConnected := true,
  matrix := 
   [ [ 1, 20, 16, 12, 8, 4, 23, 19, 15, 11, 7, 3, 22, 18, 14, 10, 6, 2, 21, 
          17, 13, 9, 5 ], 
      [ 6, 2, 21, 17, 13, 9, 5, 1, 20, 16, 12, 8, 4, 23, 19, 15, 11, 7, 3, 
          22, 18, 14, 10 ], 
      [ 11, 7, 3, 22, 18, 14, 10, 6, 2, 21, 17, 13, 9, 5, 1, 20, 16, 12, 8, 
          4, 23, 19, 15 ], 
      [ 16, 12, 8, 4, 23, 19, 15, 11, 7, 3, 22, 18, 14, 10, 6, 2, 21, 17, 13, 
          9, 5, 1, 20 ], 
      [ 21, 17, 13, 9, 5, 1, 20, 16, 12, 8, 4, 23, 19, 15, 11, 7, 3, 22, 18, 
          14, 10, 6, 2 ], 
      [ 3, 22, 18, 14, 10, 6, 2, 21, 17, 13, 9, 5, 1, 20, 16, 12, 8, 4, 23, 
          19, 15, 11, 7 ], 
      [ 8, 4, 23, 19, 15, 11, 7, 3, 22, 18, 14, 10, 6, 2, 21, 17, 13, 9, 5, 
          1, 20, 16, 12 ], 
      [ 13, 9, 5, 1, 20, 16, 12, 8, 4, 23, 19, 15, 11, 7, 3, 22, 18, 14, 10, 
          6, 2, 21, 17 ], 
      [ 18, 14, 10, 6, 2, 21, 17, 13, 9, 5, 1, 20, 16, 12, 8, 4, 23, 19, 15, 
          11, 7, 3, 22 ], 
      [ 23, 19, 15, 11, 7, 3, 22, 18, 14, 10, 6, 2, 21, 17, 13, 9, 5, 1, 20, 
          16, 12, 8, 4 ], 
      [ 5, 1, 20, 16, 12, 8, 4, 23, 19, 15, 11, 7, 3, 22, 18, 14, 10, 6, 2, 
          21, 17, 13, 9 ], 
      [ 10, 6, 2, 21, 17, 13, 9, 5, 1, 20, 16, 12, 8, 4, 23, 19, 15, 11, 7, 
          3, 22, 18, 14 ], 
      [ 15, 11, 7, 3, 22, 18, 14, 10, 6, 2, 21, 17, 13, 9, 5, 1, 20, 16, 12, 
          8, 4, 23, 19 ], 
      [ 20, 16, 12, 8, 4, 23, 19, 15, 11, 7, 3, 22, 18, 14, 10, 6, 2, 21, 17, 
          13, 9, 5, 1 ], 
      [ 2, 21, 17, 13, 9, 5, 1, 20, 16, 12, 8, 4, 23, 19, 15, 11, 7, 3, 22, 
          18, 14, 10, 6 ], 
      [ 7, 3, 22, 18, 14, 10, 6, 2, 21, 17, 13, 9, 5, 1, 20, 16, 12, 8, 4, 
          23, 19, 15, 11 ], 
      [ 12, 8, 4, 23, 19, 15, 11, 7, 3, 22, 18, 14, 10, 6, 2, 21, 17, 13, 9, 
          5, 1, 20, 16 ], 
      [ 17, 13, 9, 5, 1, 20, 16, 12, 8, 4, 23, 19, 15, 11, 7, 3, 22, 18, 14, 
          10, 6, 2, 21 ], 
      [ 22, 18, 14, 10, 6, 2, 21, 17, 13, 9, 5, 1, 20, 16, 12, 8, 4, 23, 19, 
          15, 11, 7, 3 ], 
      [ 4, 23, 19, 15, 11, 7, 3, 22, 18, 14, 10, 6, 2, 21, 17, 13, 9, 5, 1, 
          20, 16, 12, 8 ], 
      [ 9, 5, 1, 20, 16, 12, 8, 4, 23, 19, 15, 11, 7, 3, 22, 18, 14, 10, 6, 
          2, 21, 17, 13 ], 
      [ 14, 10, 6, 2, 21, 17, 13, 9, 5, 1, 20, 16, 12, 8, 4, 23, 19, 15, 11, 
          7, 3, 22, 18 ], 
      [ 19, 15, 11, 7, 3, 22, 18, 14, 10, 6, 2, 21, 17, 13, 9, 5, 1, 20, 16, 
          12, 8, 4, 23 ] ],
  ordFix := 1,
  ordf := 22,
  psi := GroupHomomorphismByImages( Group( 
    [ ( 1, 2, 3, 4, 5, 6, 7, 8, 9,10,11,12,13,14,15,16,17,18,19,20,21,22,23) 
     ] ), Group( 
    [ ( 1, 2, 3, 4, 5, 6, 7, 8, 9,10,11,12,13,14,15,16,17,18,19,20,21,22,23) 
     ] ), 
    [ ( 1, 2, 3, 4, 5, 6, 7, 8, 9,10,11,12,13,14,15,16,17,18,19,20,21,22,23) 
     ], 
    [ ( 1,20,16,12, 8, 4,23,19,15,11, 7, 3,22,18,14,10, 6, 2,21,17,13, 9, 5) 
     ] ) ),
# No.20
rec(
  G := 
   Group( 
    [ ( 1, 2, 3, 4, 5, 6, 7, 8, 9,10,11,12,13,14,15,16,17,18,19,20,21,22,23) 
     ] ),
  isConnected := true,
  matrix := 
   [ [ 1, 21, 18, 15, 12, 9, 6, 3, 23, 20, 17, 14, 11, 8, 5, 2, 22, 19, 16, 
          13, 10, 7, 4 ], 
      [ 5, 2, 22, 19, 16, 13, 10, 7, 4, 1, 21, 18, 15, 12, 9, 6, 3, 23, 20, 
          17, 14, 11, 8 ], 
      [ 9, 6, 3, 23, 20, 17, 14, 11, 8, 5, 2, 22, 19, 16, 13, 10, 7, 4, 1, 
          21, 18, 15, 12 ], 
      [ 13, 10, 7, 4, 1, 21, 18, 15, 12, 9, 6, 3, 23, 20, 17, 14, 11, 8, 5, 
          2, 22, 19, 16 ], 
      [ 17, 14, 11, 8, 5, 2, 22, 19, 16, 13, 10, 7, 4, 1, 21, 18, 15, 12, 9, 
          6, 3, 23, 20 ], 
      [ 21, 18, 15, 12, 9, 6, 3, 23, 20, 17, 14, 11, 8, 5, 2, 22, 19, 16, 13, 
          10, 7, 4, 1 ], 
      [ 2, 22, 19, 16, 13, 10, 7, 4, 1, 21, 18, 15, 12, 9, 6, 3, 23, 20, 17, 
          14, 11, 8, 5 ], 
      [ 6, 3, 23, 20, 17, 14, 11, 8, 5, 2, 22, 19, 16, 13, 10, 7, 4, 1, 21, 
          18, 15, 12, 9 ], 
      [ 10, 7, 4, 1, 21, 18, 15, 12, 9, 6, 3, 23, 20, 17, 14, 11, 8, 5, 2, 
          22, 19, 16, 13 ], 
      [ 14, 11, 8, 5, 2, 22, 19, 16, 13, 10, 7, 4, 1, 21, 18, 15, 12, 9, 6, 
          3, 23, 20, 17 ], 
      [ 18, 15, 12, 9, 6, 3, 23, 20, 17, 14, 11, 8, 5, 2, 22, 19, 16, 13, 10, 
          7, 4, 1, 21 ], 
      [ 22, 19, 16, 13, 10, 7, 4, 1, 21, 18, 15, 12, 9, 6, 3, 23, 20, 17, 14, 
          11, 8, 5, 2 ], 
      [ 3, 23, 20, 17, 14, 11, 8, 5, 2, 22, 19, 16, 13, 10, 7, 4, 1, 21, 18, 
          15, 12, 9, 6 ], 
      [ 7, 4, 1, 21, 18, 15, 12, 9, 6, 3, 23, 20, 17, 14, 11, 8, 5, 2, 22, 
          19, 16, 13, 10 ], 
      [ 11, 8, 5, 2, 22, 19, 16, 13, 10, 7, 4, 1, 21, 18, 15, 12, 9, 6, 3, 
          23, 20, 17, 14 ], 
      [ 15, 12, 9, 6, 3, 23, 20, 17, 14, 11, 8, 5, 2, 22, 19, 16, 13, 10, 7, 
          4, 1, 21, 18 ], 
      [ 19, 16, 13, 10, 7, 4, 1, 21, 18, 15, 12, 9, 6, 3, 23, 20, 17, 14, 11, 
          8, 5, 2, 22 ], 
      [ 23, 20, 17, 14, 11, 8, 5, 2, 22, 19, 16, 13, 10, 7, 4, 1, 21, 18, 15, 
          12, 9, 6, 3 ], 
      [ 4, 1, 21, 18, 15, 12, 9, 6, 3, 23, 20, 17, 14, 11, 8, 5, 2, 22, 19, 
          16, 13, 10, 7 ], 
      [ 8, 5, 2, 22, 19, 16, 13, 10, 7, 4, 1, 21, 18, 15, 12, 9, 6, 3, 23, 
          20, 17, 14, 11 ], 
      [ 12, 9, 6, 3, 23, 20, 17, 14, 11, 8, 5, 2, 22, 19, 16, 13, 10, 7, 4, 
          1, 21, 18, 15 ], 
      [ 16, 13, 10, 7, 4, 1, 21, 18, 15, 12, 9, 6, 3, 23, 20, 17, 14, 11, 8, 
          5, 2, 22, 19 ], 
      [ 20, 17, 14, 11, 8, 5, 2, 22, 19, 16, 13, 10, 7, 4, 1, 21, 18, 15, 12, 
          9, 6, 3, 23 ] ],
  ordFix := 1,
  ordf := 22,
  psi := GroupHomomorphismByImages( Group( 
    [ ( 1, 2, 3, 4, 5, 6, 7, 8, 9,10,11,12,13,14,15,16,17,18,19,20,21,22,23) 
     ] ), Group( 
    [ ( 1, 2, 3, 4, 5, 6, 7, 8, 9,10,11,12,13,14,15,16,17,18,19,20,21,22,23) 
     ] ), 
    [ ( 1, 2, 3, 4, 5, 6, 7, 8, 9,10,11,12,13,14,15,16,17,18,19,20,21,22,23) 
     ], 
    [ ( 1,21,18,15,12, 9, 6, 3,23,20,17,14,11, 8, 5, 2,22,19,16,13,10, 7, 4) 
     ] ) ),
# No.21
rec(
  G := 
   Group( 
    [ ( 1, 2, 3, 4, 5, 6, 7, 8, 9,10,11,12,13,14,15,16,17,18,19,20,21,22,23) 
     ] ),
  isConnected := true,
  matrix := 
   [ [ 1, 22, 20, 18, 16, 14, 12, 10, 8, 6, 4, 2, 23, 21, 19, 17, 15, 13, 11, 
          9, 7, 5, 3 ], 
      [ 4, 2, 23, 21, 19, 17, 15, 13, 11, 9, 7, 5, 3, 1, 22, 20, 18, 16, 14, 
          12, 10, 8, 6 ], 
      [ 7, 5, 3, 1, 22, 20, 18, 16, 14, 12, 10, 8, 6, 4, 2, 23, 21, 19, 17, 
          15, 13, 11, 9 ], 
      [ 10, 8, 6, 4, 2, 23, 21, 19, 17, 15, 13, 11, 9, 7, 5, 3, 1, 22, 20, 
          18, 16, 14, 12 ], 
      [ 13, 11, 9, 7, 5, 3, 1, 22, 20, 18, 16, 14, 12, 10, 8, 6, 4, 2, 23, 
          21, 19, 17, 15 ], 
      [ 16, 14, 12, 10, 8, 6, 4, 2, 23, 21, 19, 17, 15, 13, 11, 9, 7, 5, 3, 
          1, 22, 20, 18 ], 
      [ 19, 17, 15, 13, 11, 9, 7, 5, 3, 1, 22, 20, 18, 16, 14, 12, 10, 8, 6, 
          4, 2, 23, 21 ], 
      [ 22, 20, 18, 16, 14, 12, 10, 8, 6, 4, 2, 23, 21, 19, 17, 15, 13, 11, 
          9, 7, 5, 3, 1 ], 
      [ 2, 23, 21, 19, 17, 15, 13, 11, 9, 7, 5, 3, 1, 22, 20, 18, 16, 14, 12, 
          10, 8, 6, 4 ], 
      [ 5, 3, 1, 22, 20, 18, 16, 14, 12, 10, 8, 6, 4, 2, 23, 21, 19, 17, 15, 
          13, 11, 9, 7 ], 
      [ 8, 6, 4, 2, 23, 21, 19, 17, 15, 13, 11, 9, 7, 5, 3, 1, 22, 20, 18, 
          16, 14, 12, 10 ], 
      [ 11, 9, 7, 5, 3, 1, 22, 20, 18, 16, 14, 12, 10, 8, 6, 4, 2, 23, 21, 
          19, 17, 15, 13 ], 
      [ 14, 12, 10, 8, 6, 4, 2, 23, 21, 19, 17, 15, 13, 11, 9, 7, 5, 3, 1, 
          22, 20, 18, 16 ], 
      [ 17, 15, 13, 11, 9, 7, 5, 3, 1, 22, 20, 18, 16, 14, 12, 10, 8, 6, 4, 
          2, 23, 21, 19 ], 
      [ 20, 18, 16, 14, 12, 10, 8, 6, 4, 2, 23, 21, 19, 17, 15, 13, 11, 9, 7, 
          5, 3, 1, 22 ], 
      [ 23, 21, 19, 17, 15, 13, 11, 9, 7, 5, 3, 1, 22, 20, 18, 16, 14, 12, 
          10, 8, 6, 4, 2 ], 
      [ 3, 1, 22, 20, 18, 16, 14, 12, 10, 8, 6, 4, 2, 23, 21, 19, 17, 15, 13, 
          11, 9, 7, 5 ], 
      [ 6, 4, 2, 23, 21, 19, 17, 15, 13, 11, 9, 7, 5, 3, 1, 22, 20, 18, 16, 
          14, 12, 10, 8 ], 
      [ 9, 7, 5, 3, 1, 22, 20, 18, 16, 14, 12, 10, 8, 6, 4, 2, 23, 21, 19, 
          17, 15, 13, 11 ], 
      [ 12, 10, 8, 6, 4, 2, 23, 21, 19, 17, 15, 13, 11, 9, 7, 5, 3, 1, 22, 
          20, 18, 16, 14 ], 
      [ 15, 13, 11, 9, 7, 5, 3, 1, 22, 20, 18, 16, 14, 12, 10, 8, 6, 4, 2, 
          23, 21, 19, 17 ], 
      [ 18, 16, 14, 12, 10, 8, 6, 4, 2, 23, 21, 19, 17, 15, 13, 11, 9, 7, 5, 
          3, 1, 22, 20 ], 
      [ 21, 19, 17, 15, 13, 11, 9, 7, 5, 3, 1, 22, 20, 18, 16, 14, 12, 10, 8, 
          6, 4, 2, 23 ] ],
  ordFix := 1,
  ordf := 22,
  psi := GroupHomomorphismByImages( Group( 
    [ ( 1, 2, 3, 4, 5, 6, 7, 8, 9,10,11,12,13,14,15,16,17,18,19,20,21,22,23) 
     ] ), Group( 
    [ ( 1, 2, 3, 4, 5, 6, 7, 8, 9,10,11,12,13,14,15,16,17,18,19,20,21,22,23) 
     ] ), 
    [ ( 1, 2, 3, 4, 5, 6, 7, 8, 9,10,11,12,13,14,15,16,17,18,19,20,21,22,23) 
     ], 
    [ ( 1,22,20,18,16,14,12,10, 8, 6, 4, 2,23,21,19,17,15,13,11, 9, 7, 5, 3) 
     ] ) ),
# No.22
rec(
  G := 
   Group( 
    [ ( 1, 2, 3, 4, 5, 6, 7, 8, 9,10,11,12,13,14,15,16,17,18,19,20,21,22,23) 
     ] ),
  isConnected := true,
  matrix := 
   [ [ 1, 23, 22, 21, 20, 19, 18, 17, 16, 15, 14, 13, 12, 11, 10, 9, 8, 7, 6, 
          5, 4, 3, 2 ], 
      [ 3, 2, 1, 23, 22, 21, 20, 19, 18, 17, 16, 15, 14, 13, 12, 11, 10, 9, 
          8, 7, 6, 5, 4 ], 
      [ 5, 4, 3, 2, 1, 23, 22, 21, 20, 19, 18, 17, 16, 15, 14, 13, 12, 11, 
          10, 9, 8, 7, 6 ], 
      [ 7, 6, 5, 4, 3, 2, 1, 23, 22, 21, 20, 19, 18, 17, 16, 15, 14, 13, 12, 
          11, 10, 9, 8 ], 
      [ 9, 8, 7, 6, 5, 4, 3, 2, 1, 23, 22, 21, 20, 19, 18, 17, 16, 15, 14, 
          13, 12, 11, 10 ], 
      [ 11, 10, 9, 8, 7, 6, 5, 4, 3, 2, 1, 23, 22, 21, 20, 19, 18, 17, 16, 
          15, 14, 13, 12 ], 
      [ 13, 12, 11, 10, 9, 8, 7, 6, 5, 4, 3, 2, 1, 23, 22, 21, 20, 19, 18, 
          17, 16, 15, 14 ], 
      [ 15, 14, 13, 12, 11, 10, 9, 8, 7, 6, 5, 4, 3, 2, 1, 23, 22, 21, 20, 
          19, 18, 17, 16 ], 
      [ 17, 16, 15, 14, 13, 12, 11, 10, 9, 8, 7, 6, 5, 4, 3, 2, 1, 23, 22, 
          21, 20, 19, 18 ], 
      [ 19, 18, 17, 16, 15, 14, 13, 12, 11, 10, 9, 8, 7, 6, 5, 4, 3, 2, 1, 
          23, 22, 21, 20 ], 
      [ 21, 20, 19, 18, 17, 16, 15, 14, 13, 12, 11, 10, 9, 8, 7, 6, 5, 4, 3, 
          2, 1, 23, 22 ], 
      [ 23, 22, 21, 20, 19, 18, 17, 16, 15, 14, 13, 12, 11, 10, 9, 8, 7, 6, 
          5, 4, 3, 2, 1 ], 
      [ 2, 1, 23, 22, 21, 20, 19, 18, 17, 16, 15, 14, 13, 12, 11, 10, 9, 8, 
          7, 6, 5, 4, 3 ], 
      [ 4, 3, 2, 1, 23, 22, 21, 20, 19, 18, 17, 16, 15, 14, 13, 12, 11, 10, 
          9, 8, 7, 6, 5 ], 
      [ 6, 5, 4, 3, 2, 1, 23, 22, 21, 20, 19, 18, 17, 16, 15, 14, 13, 12, 11, 
          10, 9, 8, 7 ], 
      [ 8, 7, 6, 5, 4, 3, 2, 1, 23, 22, 21, 20, 19, 18, 17, 16, 15, 14, 13, 
          12, 11, 10, 9 ], 
      [ 10, 9, 8, 7, 6, 5, 4, 3, 2, 1, 23, 22, 21, 20, 19, 18, 17, 16, 15, 
          14, 13, 12, 11 ], 
      [ 12, 11, 10, 9, 8, 7, 6, 5, 4, 3, 2, 1, 23, 22, 21, 20, 19, 18, 17, 
          16, 15, 14, 13 ], 
      [ 14, 13, 12, 11, 10, 9, 8, 7, 6, 5, 4, 3, 2, 1, 23, 22, 21, 20, 19, 
          18, 17, 16, 15 ], 
      [ 16, 15, 14, 13, 12, 11, 10, 9, 8, 7, 6, 5, 4, 3, 2, 1, 23, 22, 21, 
          20, 19, 18, 17 ], 
      [ 18, 17, 16, 15, 14, 13, 12, 11, 10, 9, 8, 7, 6, 5, 4, 3, 2, 1, 23, 
          22, 21, 20, 19 ], 
      [ 20, 19, 18, 17, 16, 15, 14, 13, 12, 11, 10, 9, 8, 7, 6, 5, 4, 3, 2, 
          1, 23, 22, 21 ], 
      [ 22, 21, 20, 19, 18, 17, 16, 15, 14, 13, 12, 11, 10, 9, 8, 7, 6, 5, 4, 
          3, 2, 1, 23 ] ],
  ordFix := 1,
  ordf := 2,
  psi := GroupHomomorphismByImages( Group( 
    [ ( 1, 2, 3, 4, 5, 6, 7, 8, 9,10,11,12,13,14,15,16,17,18,19,20,21,22,23) 
     ] ), Group( 
    [ ( 1, 2, 3, 4, 5, 6, 7, 8, 9,10,11,12,13,14,15,16,17,18,19,20,21,22,23) 
     ] ), 
    [ ( 1, 2, 3, 4, 5, 6, 7, 8, 9,10,11,12,13,14,15,16,17,18,19,20,21,22,23) 
     ], 
    [ ( 1,23,22,21,20,19,18,17,16,15,14,13,12,11,10, 9, 8, 7, 6, 5, 4, 3, 2) 
     ] ) ),
]; 
### end of file ###