# 
# computed by Jin Kosaka and Hirotake Kurihara 
# using gap 4.12.2 
# 
GAQ_8 :=
[
# No.1
rec(
  G := Group( [ (1,2,3,4,5,6,7,8) ] ),
  isConnected := false,
  matrix := [ [ 1, 2, 3, 4, 5, 6, 7, 8 ], [ 1, 2, 3, 4, 5, 6, 7, 8 ], 
      [ 1, 2, 3, 4, 5, 6, 7, 8 ], [ 1, 2, 3, 4, 5, 6, 7, 8 ], 
      [ 1, 2, 3, 4, 5, 6, 7, 8 ], [ 1, 2, 3, 4, 5, 6, 7, 8 ], 
      [ 1, 2, 3, 4, 5, 6, 7, 8 ], [ 1, 2, 3, 4, 5, 6, 7, 8 ] ],
  ordFix := 8,
  ordf := 1,
  psi := GroupHomomorphismByImages( Group( [ (1,2,3,4,5,6,7,8) ] ), Group( 
    [ (1,2,3,4,5,6,7,8) ] ), [ (1,2,3,4,5,6,7,8) ], [ (1,2,3,4,5,6,7,8) ] ) ),
# No.2
rec(
  G := Group( [ (1,2,3,4,5,6,7,8) ] ),
  isConnected := false,
  matrix := [ [ 1, 6, 3, 4, 8, 2, 7, 5 ], [ 4, 2, 7, 1, 5, 6, 3, 8 ], 
      [ 1, 6, 3, 4, 8, 2, 7, 5 ], [ 1, 6, 3, 4, 8, 2, 7, 5 ], 
      [ 4, 2, 7, 1, 5, 6, 3, 8 ], [ 4, 2, 7, 1, 5, 6, 3, 8 ], 
      [ 1, 6, 3, 4, 8, 2, 7, 5 ], [ 4, 2, 7, 1, 5, 6, 3, 8 ] ],
  ordFix := 4,
  ordf := 2,
  psi := GroupHomomorphismByImages( Group( [ (1,2,3,4,5,6,7,8) ] ), Group( 
    [ (1,2,3,4,5,6,7,8) ] ), [ (1,2,3,4,5,6,7,8) ], [ (1,6,3,8,5,2,7,4) ] ) ),
# No.3
rec(
  G := Group( [ (1,2,3,4,5,6,7,8) ] ),
  isConnected := false,
  matrix := [ [ 1, 5, 7, 4, 2, 8, 3, 6 ], [ 7, 2, 4, 3, 8, 6, 1, 5 ], 
      [ 4, 8, 3, 1, 6, 5, 7, 2 ], [ 1, 5, 7, 4, 2, 8, 3, 6 ], 
      [ 3, 6, 1, 7, 5, 2, 4, 8 ], [ 7, 2, 4, 3, 8, 6, 1, 5 ], 
      [ 4, 8, 3, 1, 6, 5, 7, 2 ], [ 3, 6, 1, 7, 5, 2, 4, 8 ] ],
  ordFix := 2,
  ordf := 2,
  psi := GroupHomomorphismByImages( Group( [ (1,2,3,4,5,6,7,8) ] ), Group( 
    [ (1,2,3,4,5,6,7,8) ] ), [ (1,2,3,4,5,6,7,8) ], [ (1,4,7,2,5,8,3,6) ] ) ),
# No.4
rec(
  G := Group( [ (1,2), (3,4,5,6) ] ),
  isConnected := false,
  matrix := [ [ 1, 5, 7, 4, 6, 8, 3, 2 ], [ 3, 2, 4, 7, 8, 6, 1, 5 ], 
      [ 4, 8, 3, 1, 2, 5, 7, 6 ], [ 1, 5, 7, 4, 6, 8, 3, 2 ], 
      [ 7, 6, 1, 3, 5, 2, 4, 8 ], [ 3, 2, 4, 7, 8, 6, 1, 5 ], 
      [ 4, 8, 3, 1, 2, 5, 7, 6 ], [ 7, 6, 1, 3, 5, 2, 4, 8 ] ],
  ordFix := 2,
  ordf := 4,
  psi := GroupHomomorphismByImages( Group( [ (1,2), (3,4,5,6) ] ), Group( 
    [ (1,2), (3,4,5,6) ] ), [ (1,2), (3,4,5,6) ], 
    [ (1,2)(3,5)(4,6), (1,2)(3,4,5,6) ] ) ),
# No.5
rec(
  G := Group( [ (1,2), (3,4), (5,6) ] ),
  isConnected := false,
  matrix := [ [ 1, 3, 8, 4, 6, 7, 5, 2 ], [ 5, 2, 4, 8, 7, 6, 1, 3 ], 
      [ 6, 8, 3, 2, 1, 5, 7, 4 ], [ 1, 3, 8, 4, 6, 7, 5, 2 ], 
      [ 7, 4, 2, 3, 5, 1, 6, 8 ], [ 5, 2, 4, 8, 7, 6, 1, 3 ], 
      [ 6, 8, 3, 2, 1, 5, 7, 4 ], [ 7, 4, 2, 3, 5, 1, 6, 8 ] ],
  ordFix := 2,
  ordf := 3,
  psi := GroupHomomorphismByImages( Group( [ (1,2), (3,4), (5,6) ] ), Group( 
    [ (1,2), (3,4), (5,6) ] ), [ (1,2), (3,4), (5,6) ], 
    [ (3,4), (1,2)(3,4)(5,6), (5,6) ] ) ),
# No.6
rec(
  G := Group( [ (1,2), (3,4), (5,6) ] ),
  isConnected := true,
  matrix := [ [ 1, 3, 7, 6, 4, 8, 5, 2 ], [ 5, 2, 6, 7, 8, 4, 1, 3 ], 
      [ 4, 7, 3, 2, 1, 5, 8, 6 ], [ 2, 5, 8, 4, 6, 7, 3, 1 ], 
      [ 8, 6, 2, 3, 5, 1, 4, 7 ], [ 3, 1, 4, 8, 7, 6, 2, 5 ], 
      [ 6, 8, 5, 1, 2, 3, 7, 4 ], [ 7, 4, 1, 5, 3, 2, 6, 8 ] ],
  ordFix := 1,
  ordf := 7,
  psi := GroupHomomorphismByImages( Group( [ (1,2), (3,4), (5,6) ] ), Group( 
    [ (1,2), (3,4), (5,6) ] ), [ (1,2), (3,4), (5,6) ], 
    [ (3,4), (3,4)(5,6), (1,2)(5,6) ] ) ),
# No.7
rec(
  G := Group( [ (1,2), (3,4), (5,6) ] ),
  isConnected := true,
  matrix := [ [ 1, 3, 6, 7, 8, 4, 5, 2 ], [ 5, 2, 7, 6, 4, 8, 1, 3 ], 
      [ 8, 6, 3, 2, 1, 5, 4, 7 ], [ 3, 1, 8, 4, 6, 7, 2, 5 ], 
      [ 4, 7, 2, 3, 5, 1, 8, 6 ], [ 2, 5, 4, 8, 7, 6, 3, 1 ], 
      [ 6, 8, 1, 5, 3, 2, 7, 4 ], [ 7, 4, 5, 1, 2, 3, 6, 8 ] ],
  ordFix := 1,
  ordf := 7,
  psi := GroupHomomorphismByImages( Group( [ (1,2), (3,4), (5,6) ] ), Group( 
    [ (1,2), (3,4), (5,6) ] ), [ (1,2), (3,4), (5,6) ], 
    [ (3,4), (1,2)(5,6), (3,4)(5,6) ] ) ),
# No.8
rec(
  G := Group( [ (2,4), (1,2)(3,4), (1,3)(2,4) ] ),
  isConnected := false,
  matrix := [ [ 1, 3, 6, 4, 5, 7, 2, 8 ], [ 8, 2, 3, 5, 1, 6, 7, 4 ], 
      [ 8, 2, 3, 5, 1, 6, 7, 4 ], [ 1, 3, 6, 4, 5, 7, 2, 8 ], 
      [ 1, 3, 6, 4, 5, 7, 2, 8 ], [ 8, 2, 3, 5, 1, 6, 7, 4 ], 
      [ 8, 2, 3, 5, 1, 6, 7, 4 ], [ 1, 3, 6, 4, 5, 7, 2, 8 ] ],
  ordFix := 4,
  ordf := 4,
  psi := GroupGeneralMappingByImages( Group( [ (2,4), (1,2)(3,4), (1,3)(2,4) 
     ] ), Group( [ (2,4), (1,2)(3,4), (1,3)(2,4) ] ), 
    [ (2,4), (1,2)(3,4), (1,3)(2,4) ], [ (1,2)(3,4), (1,3), (1,3)(2,4) ] ) ),
# No.9
rec(
  G := Group( [ (1,2,4,6)(3,8,7,5), (1,3,4,7)(2,5,6,8), (1,4)(2,6)(3,7)(5,8) 
     ] ),
  isConnected := true,
  matrix := [ [ 1, 7, 5, 4, 6, 3, 8, 2 ], [ 8, 2, 1, 5, 7, 6, 4, 3 ], 
      [ 2, 5, 3, 6, 1, 8, 7, 4 ], [ 1, 7, 5, 4, 6, 3, 8, 2 ], 
      [ 7, 4, 2, 3, 5, 1, 6, 8 ], [ 8, 2, 1, 5, 7, 6, 4, 3 ], 
      [ 2, 5, 3, 6, 1, 8, 7, 4 ], [ 7, 4, 2, 3, 5, 1, 6, 8 ] ],
  ordFix := 2,
  ordf := 3,
  psi := GroupHomomorphismByImages( Group( 
    [ (1,2,4,6)(3,8,7,5), (1,3,4,7)(2,5,6,8), (1,4)(2,6)(3,7)(5,8) 
     ] ), Group( [ (1,2,4,6)(3,8,7,5), (1,3,4,7)(2,5,6,8), 
      (1,4)(2,6)(3,7)(5,8) ] ), [ (1,2,4,6)(3,8,7,5), (1,3,4,7)(2,5,6,8), 
      (1,4)(2,6)(3,7)(5,8) ], [ (1,7,4,3)(2,8,6,5), (1,5,4,8)(2,7,6,3), 
      (1,4)(2,6)(3,7)(5,8) ] ) ),
]; 
### end of file ###