# 
# computed by Jin Kosaka and Hirotake Kurihara 
# using gap 4.12.2 
# 
GAQ_9 :=
[
# No.1
rec(
  G := Group( [ (1,2,3,4,5,6,7,8,9) ] ),
  isConnected := false,
  matrix := [ [ 1, 2, 3, 4, 5, 6, 7, 8, 9 ], [ 1, 2, 3, 4, 5, 6, 7, 8, 9 ], 
      [ 1, 2, 3, 4, 5, 6, 7, 8, 9 ], [ 1, 2, 3, 4, 5, 6, 7, 8, 9 ], 
      [ 1, 2, 3, 4, 5, 6, 7, 8, 9 ], [ 1, 2, 3, 4, 5, 6, 7, 8, 9 ], 
      [ 1, 2, 3, 4, 5, 6, 7, 8, 9 ], [ 1, 2, 3, 4, 5, 6, 7, 8, 9 ], 
      [ 1, 2, 3, 4, 5, 6, 7, 8, 9 ] ],
  ordFix := 9,
  ordf := 1,
  psi := GroupHomomorphismByImages( Group( [ (1,2,3,4,5,6,7,8,9) ] ), Group( 
    [ (1,2,3,4,5,6,7,8,9) ] ), [ (1,2,3,4,5,6,7,8,9) ], [ (1,2,3,4,5,6,7,8,9) 
     ] ) ),
# No.2
rec(
  G := Group( [ (1,2,3,4,5,6,7,8,9) ] ),
  isConnected := false,
  matrix := [ [ 1, 8, 3, 7, 2, 6, 9, 5, 4 ], [ 3, 2, 6, 9, 5, 1, 4, 8, 7 ], 
      [ 1, 8, 3, 7, 2, 6, 9, 5, 4 ], [ 6, 5, 1, 4, 8, 3, 7, 2, 9 ], 
      [ 3, 2, 6, 9, 5, 1, 4, 8, 7 ], [ 1, 8, 3, 7, 2, 6, 9, 5, 4 ], 
      [ 6, 5, 1, 4, 8, 3, 7, 2, 9 ], [ 3, 2, 6, 9, 5, 1, 4, 8, 7 ], 
      [ 6, 5, 1, 4, 8, 3, 7, 2, 9 ] ],
  ordFix := 3,
  ordf := 3,
  psi := GroupHomomorphismByImages( Group( [ (1,2,3,4,5,6,7,8,9) ] ), Group( 
    [ (1,2,3,4,5,6,7,8,9) ] ), [ (1,2,3,4,5,6,7,8,9) ], [ (1,8,6,4,2,9,7,5,3) 
     ] ) ),
# No.3
rec(
  G := Group( [ (1,2,3), (4,5,6) ] ),
  isConnected := false,
  matrix := [ [ 1, 5, 6, 9, 2, 3, 7, 8, 4 ], [ 6, 2, 3, 7, 8, 1, 4, 5, 9 ], 
      [ 6, 2, 3, 7, 8, 1, 4, 5, 9 ], [ 3, 8, 1, 4, 5, 6, 9, 2, 7 ], 
      [ 3, 8, 1, 4, 5, 6, 9, 2, 7 ], [ 3, 8, 1, 4, 5, 6, 9, 2, 7 ], 
      [ 1, 5, 6, 9, 2, 3, 7, 8, 4 ], [ 1, 5, 6, 9, 2, 3, 7, 8, 4 ], 
      [ 6, 2, 3, 7, 8, 1, 4, 5, 9 ] ],
  ordFix := 3,
  ordf := 2,
  psi := GroupHomomorphismByImages( Group( [ (1,2,3), (4,5,6) ] ), Group( 
    [ (1,2,3), (4,5,6) ] ), [ (1,2,3), (4,5,6) ], [ (1,2,3)(4,5,6), (4,6,5) 
     ] ) ),
# No.4
rec(
  G := Group( [ (1,2,3,4,5,6,7,8,9) ] ),
  isConnected := true,
  matrix := [ [ 1, 7, 6, 2, 4, 3, 8, 9, 5 ], [ 7, 2, 4, 6, 8, 9, 3, 5, 1 ], 
      [ 6, 4, 3, 8, 9, 1, 5, 7, 2 ], [ 2, 6, 8, 4, 3, 5, 9, 1, 7 ], 
      [ 4, 8, 9, 3, 5, 7, 1, 2, 6 ], [ 3, 9, 1, 5, 7, 6, 2, 4, 8 ], 
      [ 8, 3, 5, 9, 1, 2, 7, 6, 4 ], [ 9, 5, 7, 1, 2, 4, 6, 8, 3 ], 
      [ 5, 1, 2, 7, 6, 8, 4, 3, 9 ] ],
  ordFix := 1,
  ordf := 6,
  psi := GroupHomomorphismByImages( Group( [ (1,2,3,4,5,6,7,8,9) ] ), Group( 
    [ (1,2,3,4,5,6,7,8,9) ] ), [ (1,2,3,4,5,6,7,8,9) ], [ (1,6,2,7,3,8,4,9,5) 
     ] ) ),
# No.5
rec(
  G := Group( [ (1,2,3,4,5,6,7,8,9) ] ),
  isConnected := true,
  matrix := [ [ 1, 9, 6, 8, 7, 3, 5, 4, 2 ], [ 4, 2, 9, 1, 8, 7, 6, 5, 3 ], 
      [ 6, 7, 3, 5, 4, 1, 2, 9, 8 ], [ 5, 3, 2, 4, 1, 8, 9, 6, 7 ], 
      [ 9, 8, 7, 6, 5, 4, 3, 2, 1 ], [ 3, 4, 1, 2, 9, 6, 8, 7, 5 ], 
      [ 2, 1, 8, 9, 6, 5, 7, 3, 4 ], [ 7, 5, 4, 3, 2, 9, 1, 8, 6 ], 
      [ 8, 6, 5, 7, 3, 2, 4, 1, 9 ] ],
  ordFix := 1,
  ordf := 2,
  psi := GroupHomomorphismByImages( Group( [ (1,2,3,4,5,6,7,8,9) ] ), Group( 
    [ (1,2,3,4,5,6,7,8,9) ] ), [ (1,2,3,4,5,6,7,8,9) ], [ (1,9,8,7,6,5,4,3,2) 
     ] ) ),
# No.6
rec(
  G := Group( [ (1,2,3,4,5,6,7,8,9) ] ),
  isConnected := true,
  matrix := [ [ 1, 4, 6, 5, 9, 3, 2, 7, 8 ], [ 9, 2, 7, 3, 8, 4, 1, 5, 6 ], 
      [ 6, 9, 3, 2, 7, 1, 8, 4, 5 ], [ 8, 1, 5, 4, 6, 2, 9, 3, 7 ], 
      [ 7, 8, 4, 1, 5, 9, 6, 2, 3 ], [ 3, 7, 1, 8, 4, 6, 5, 9, 2 ], 
      [ 5, 6, 2, 9, 3, 8, 7, 1, 4 ], [ 4, 5, 9, 6, 2, 7, 3, 8, 1 ], 
      [ 2, 3, 8, 7, 1, 5, 4, 6, 9 ] ],
  ordFix := 1,
  ordf := 6,
  psi := GroupHomomorphismByImages( Group( [ (1,2,3,4,5,6,7,8,9) ] ), Group( 
    [ (1,2,3,4,5,6,7,8,9) ] ), [ (1,2,3,4,5,6,7,8,9) ], [ (1,3,5,7,9,2,4,6,8) 
     ] ) ),
# No.7
rec(
  G := Group( [ (1,2,3), (4,5,6) ] ),
  isConnected := true,
  matrix := [ [ 1, 7, 9, 8, 2, 5, 3, 6, 4 ], [ 9, 2, 5, 3, 6, 1, 4, 7, 8 ], 
      [ 8, 1, 3, 7, 9, 4, 2, 5, 6 ], [ 5, 6, 1, 4, 7, 9, 8, 2, 3 ], 
      [ 3, 9, 4, 2, 5, 8, 6, 1, 7 ], [ 7, 8, 2, 1, 3, 6, 9, 4, 5 ], 
      [ 4, 5, 8, 6, 1, 3, 7, 9, 2 ], [ 2, 3, 6, 9, 4, 7, 5, 8, 1 ], 
      [ 6, 4, 7, 5, 8, 2, 1, 3, 9 ] ],
  ordFix := 1,
  ordf := 8,
  psi := GroupHomomorphismByImages( Group( [ (1,2,3), (4,5,6) ] ), Group( 
    [ (1,2,3), (4,5,6) ] ), [ (1,2,3), (4,5,6) ], 
    [ (1,3,2)(4,5,6), (1,3,2)(4,6,5) ] ) ),
# No.8
rec(
  G := Group( [ (1,2,3), (4,5,6) ] ),
  isConnected := true,
  matrix := [ [ 1, 6, 5, 3, 2, 9, 8, 7, 4 ], [ 5, 2, 9, 8, 7, 1, 4, 6, 3 ], 
      [ 4, 9, 3, 7, 1, 8, 6, 5, 2 ], [ 9, 7, 1, 4, 6, 5, 3, 2, 8 ], 
      [ 3, 1, 8, 6, 5, 4, 2, 9, 7 ], [ 2, 8, 7, 5, 4, 6, 9, 3, 1 ], 
      [ 8, 5, 4, 2, 9, 3, 7, 1, 6 ], [ 7, 4, 6, 9, 3, 2, 1, 8, 5 ], 
      [ 6, 3, 2, 1, 8, 7, 5, 4, 9 ] ],
  ordFix := 1,
  ordf := 6,
  psi := GroupHomomorphismByImages( Group( [ (1,2,3), (4,5,6) ] ), Group( 
    [ (1,2,3), (4,5,6) ] ), [ (1,2,3), (4,5,6) ], [ (4,6,5), (1,2,3)(4,5,6) 
     ] ) ),
# No.9
rec(
  G := Group( [ (1,2,3), (4,5,6) ] ),
  isConnected := true,
  matrix := [ [ 1, 3, 8, 6, 2, 7, 5, 9, 4 ], [ 8, 2, 7, 5, 9, 1, 4, 3, 6 ], 
      [ 9, 4, 3, 7, 6, 2, 1, 5, 8 ], [ 7, 9, 1, 4, 3, 8, 6, 2, 5 ], 
      [ 3, 6, 2, 1, 5, 9, 8, 4, 7 ], [ 5, 8, 4, 2, 7, 6, 9, 1, 3 ], 
      [ 2, 5, 9, 8, 4, 3, 7, 6, 1 ], [ 4, 7, 6, 9, 1, 5, 3, 8, 2 ], 
      [ 6, 1, 5, 3, 8, 4, 2, 7, 9 ] ],
  ordFix := 1,
  ordf := 8,
  psi := GroupHomomorphismByImages( Group( [ (1,2,3), (4,5,6) ] ), Group( 
    [ (1,2,3), (4,5,6) ] ), [ (1,2,3), (4,5,6) ], [ (4,5,6), (1,2,3)(4,6,5) 
     ] ) ),
# No.10
rec(
  G := Group( [ (1,2,3), (4,5,6) ] ),
  isConnected := true,
  matrix := [ [ 1, 9, 7, 5, 2, 8, 6, 3, 4 ], [ 7, 2, 8, 6, 3, 1, 4, 9, 5 ], 
      [ 2, 6, 3, 7, 4, 9, 8, 5, 1 ], [ 8, 3, 1, 4, 9, 7, 5, 2, 6 ], 
      [ 3, 4, 9, 8, 5, 2, 1, 6, 7 ], [ 4, 8, 5, 3, 1, 6, 9, 7, 2 ], 
      [ 9, 5, 2, 1, 6, 3, 7, 4, 8 ], [ 5, 1, 6, 9, 7, 4, 2, 8, 3 ], 
      [ 6, 7, 4, 2, 8, 5, 3, 1, 9 ] ],
  ordFix := 1,
  ordf := 4,
  psi := GroupHomomorphismByImages( Group( [ (1,2,3), (4,5,6) ] ), Group( 
    [ (1,2,3), (4,5,6) ] ), [ (1,2,3), (4,5,6) ], 
    [ (1,3,2)(4,6,5), (1,3,2)(4,5,6) ] ) ),
# No.11
rec(
  G := Group( [ (1,2,3), (4,5,6) ] ),
  isConnected := true,
  matrix := [ [ 1, 4, 6, 2, 9, 3, 8, 7, 5 ], [ 4, 2, 9, 1, 8, 7, 6, 5, 3 ], 
      [ 6, 9, 3, 8, 7, 1, 5, 4, 2 ], [ 2, 1, 8, 4, 6, 5, 9, 3, 7 ], 
      [ 9, 8, 7, 6, 5, 4, 3, 2, 1 ], [ 3, 7, 1, 5, 4, 6, 2, 9, 8 ], 
      [ 8, 6, 5, 9, 3, 2, 7, 1, 4 ], [ 7, 5, 4, 3, 2, 9, 1, 8, 6 ], 
      [ 5, 3, 2, 7, 1, 8, 4, 6, 9 ] ],
  ordFix := 1,
  ordf := 2,
  psi := GroupHomomorphismByImages( Group( [ (1,2,3), (4,5,6) ] ), Group( 
    [ (1,2,3), (4,5,6) ] ), [ (1,2,3), (4,5,6) ], [ (1,3,2), (4,6,5) ] ) ),
]; 
### end of file ###