# 
# computed by Jin Kosaka and Hirotake Kurihara 
# using gap 4.12.2 
# 
GAQ_15 :=
[
# No.1
rec(
  G := Group( [ (1,2,3), (4,5,6,7,8) ] ),
  isConnected := false,
  matrix := [ [ 1, 2, 3, 4, 5, 6, 7, 8, 9, 10, 11, 12, 13, 14, 15 ], 
      [ 1, 2, 3, 4, 5, 6, 7, 8, 9, 10, 11, 12, 13, 14, 15 ], 
      [ 1, 2, 3, 4, 5, 6, 7, 8, 9, 10, 11, 12, 13, 14, 15 ], 
      [ 1, 2, 3, 4, 5, 6, 7, 8, 9, 10, 11, 12, 13, 14, 15 ], 
      [ 1, 2, 3, 4, 5, 6, 7, 8, 9, 10, 11, 12, 13, 14, 15 ], 
      [ 1, 2, 3, 4, 5, 6, 7, 8, 9, 10, 11, 12, 13, 14, 15 ], 
      [ 1, 2, 3, 4, 5, 6, 7, 8, 9, 10, 11, 12, 13, 14, 15 ], 
      [ 1, 2, 3, 4, 5, 6, 7, 8, 9, 10, 11, 12, 13, 14, 15 ], 
      [ 1, 2, 3, 4, 5, 6, 7, 8, 9, 10, 11, 12, 13, 14, 15 ], 
      [ 1, 2, 3, 4, 5, 6, 7, 8, 9, 10, 11, 12, 13, 14, 15 ], 
      [ 1, 2, 3, 4, 5, 6, 7, 8, 9, 10, 11, 12, 13, 14, 15 ], 
      [ 1, 2, 3, 4, 5, 6, 7, 8, 9, 10, 11, 12, 13, 14, 15 ], 
      [ 1, 2, 3, 4, 5, 6, 7, 8, 9, 10, 11, 12, 13, 14, 15 ], 
      [ 1, 2, 3, 4, 5, 6, 7, 8, 9, 10, 11, 12, 13, 14, 15 ], 
      [ 1, 2, 3, 4, 5, 6, 7, 8, 9, 10, 11, 12, 13, 14, 15 ] ],
  ordFix := 15,
  ordf := 1,
  psi := GroupHomomorphismByImages( Group( [ (1,2,3), (4,5,6,7,8) ] ), Group( 
    [ (1,2,3), (4,5,6,7,8) ] ), [ (1,2,3), (4,5,6,7,8) ], 
    [ (1,2,3), (4,5,6,7,8) ] ) ),
# No.2
rec(
  G := Group( [ (1,2,3), (4,5,6,7,8) ] ),
  isConnected := false,
  matrix := [ [ 1, 4, 3, 2, 7, 6, 5, 10, 9, 8, 13, 12, 11, 15, 14 ], 
      [ 4, 2, 7, 1, 5, 10, 3, 8, 13, 6, 11, 15, 9, 14, 12 ], 
      [ 1, 4, 3, 2, 7, 6, 5, 10, 9, 8, 13, 12, 11, 15, 14 ], 
      [ 2, 1, 5, 4, 3, 8, 7, 6, 11, 10, 9, 14, 13, 12, 15 ], 
      [ 4, 2, 7, 1, 5, 10, 3, 8, 13, 6, 11, 15, 9, 14, 12 ], 
      [ 1, 4, 3, 2, 7, 6, 5, 10, 9, 8, 13, 12, 11, 15, 14 ], 
      [ 2, 1, 5, 4, 3, 8, 7, 6, 11, 10, 9, 14, 13, 12, 15 ], 
      [ 4, 2, 7, 1, 5, 10, 3, 8, 13, 6, 11, 15, 9, 14, 12 ], 
      [ 1, 4, 3, 2, 7, 6, 5, 10, 9, 8, 13, 12, 11, 15, 14 ], 
      [ 2, 1, 5, 4, 3, 8, 7, 6, 11, 10, 9, 14, 13, 12, 15 ], 
      [ 4, 2, 7, 1, 5, 10, 3, 8, 13, 6, 11, 15, 9, 14, 12 ], 
      [ 1, 4, 3, 2, 7, 6, 5, 10, 9, 8, 13, 12, 11, 15, 14 ], 
      [ 2, 1, 5, 4, 3, 8, 7, 6, 11, 10, 9, 14, 13, 12, 15 ], 
      [ 4, 2, 7, 1, 5, 10, 3, 8, 13, 6, 11, 15, 9, 14, 12 ], 
      [ 2, 1, 5, 4, 3, 8, 7, 6, 11, 10, 9, 14, 13, 12, 15 ] ],
  ordFix := 5,
  ordf := 2,
  psi := GroupHomomorphismByImages( Group( [ (1,2,3), (4,5,6,7,8) ] ), Group( 
    [ (1,2,3), (4,5,6,7,8) ] ), [ (1,2,3), (4,5,6,7,8) ], 
    [ (1,3,2), (4,5,6,7,8) ] ) ),
# No.3
rec(
  G := Group( [ (1,2,3), (4,5,6,7,8) ] ),
  isConnected := false,
  matrix := [ [ 1, 2, 6, 4, 8, 12, 10, 14, 3, 15, 5, 9, 7, 11, 13 ], 
      [ 1, 2, 6, 4, 8, 12, 10, 14, 3, 15, 5, 9, 7, 11, 13 ], 
      [ 12, 14, 3, 15, 5, 9, 7, 11, 1, 13, 2, 6, 4, 8, 10 ], 
      [ 1, 2, 6, 4, 8, 12, 10, 14, 3, 15, 5, 9, 7, 11, 13 ], 
      [ 12, 14, 3, 15, 5, 9, 7, 11, 1, 13, 2, 6, 4, 8, 10 ], 
      [ 9, 11, 1, 13, 2, 6, 4, 8, 12, 10, 14, 3, 15, 5, 7 ], 
      [ 12, 14, 3, 15, 5, 9, 7, 11, 1, 13, 2, 6, 4, 8, 10 ], 
      [ 9, 11, 1, 13, 2, 6, 4, 8, 12, 10, 14, 3, 15, 5, 7 ], 
      [ 6, 8, 12, 10, 14, 3, 15, 5, 9, 7, 11, 1, 13, 2, 4 ], 
      [ 9, 11, 1, 13, 2, 6, 4, 8, 12, 10, 14, 3, 15, 5, 7 ], 
      [ 6, 8, 12, 10, 14, 3, 15, 5, 9, 7, 11, 1, 13, 2, 4 ], 
      [ 3, 5, 9, 7, 11, 1, 13, 2, 6, 4, 8, 12, 10, 14, 15 ], 
      [ 6, 8, 12, 10, 14, 3, 15, 5, 9, 7, 11, 1, 13, 2, 4 ], 
      [ 3, 5, 9, 7, 11, 1, 13, 2, 6, 4, 8, 12, 10, 14, 15 ], 
      [ 3, 5, 9, 7, 11, 1, 13, 2, 6, 4, 8, 12, 10, 14, 15 ] ],
  ordFix := 3,
  ordf := 4,
  psi := GroupHomomorphismByImages( Group( [ (1,2,3), (4,5,6,7,8) ] ), Group( 
    [ (1,2,3), (4,5,6,7,8) ] ), [ (1,2,3), (4,5,6,7,8) ], 
    [ (1,2,3), (4,6,8,5,7) ] ) ),
# No.4
rec(
  G := Group( [ (1,2,3), (4,5,6,7,8) ] ),
  isConnected := false,
  matrix := [ [ 1, 2, 9, 4, 11, 3, 13, 5, 12, 7, 14, 6, 15, 8, 10 ], 
      [ 1, 2, 9, 4, 11, 3, 13, 5, 12, 7, 14, 6, 15, 8, 10 ], 
      [ 9, 11, 3, 13, 5, 12, 7, 14, 6, 15, 8, 1, 10, 2, 4 ], 
      [ 1, 2, 9, 4, 11, 3, 13, 5, 12, 7, 14, 6, 15, 8, 10 ], 
      [ 9, 11, 3, 13, 5, 12, 7, 14, 6, 15, 8, 1, 10, 2, 4 ], 
      [ 3, 5, 12, 7, 14, 6, 15, 8, 1, 10, 2, 9, 4, 11, 13 ], 
      [ 9, 11, 3, 13, 5, 12, 7, 14, 6, 15, 8, 1, 10, 2, 4 ], 
      [ 3, 5, 12, 7, 14, 6, 15, 8, 1, 10, 2, 9, 4, 11, 13 ], 
      [ 12, 14, 6, 15, 8, 1, 10, 2, 9, 4, 11, 3, 13, 5, 7 ], 
      [ 3, 5, 12, 7, 14, 6, 15, 8, 1, 10, 2, 9, 4, 11, 13 ], 
      [ 12, 14, 6, 15, 8, 1, 10, 2, 9, 4, 11, 3, 13, 5, 7 ], 
      [ 6, 8, 1, 10, 2, 9, 4, 11, 3, 13, 5, 12, 7, 14, 15 ], 
      [ 12, 14, 6, 15, 8, 1, 10, 2, 9, 4, 11, 3, 13, 5, 7 ], 
      [ 6, 8, 1, 10, 2, 9, 4, 11, 3, 13, 5, 12, 7, 14, 15 ], 
      [ 6, 8, 1, 10, 2, 9, 4, 11, 3, 13, 5, 12, 7, 14, 15 ] ],
  ordFix := 3,
  ordf := 4,
  psi := GroupHomomorphismByImages( Group( [ (1,2,3), (4,5,6,7,8) ] ), Group( 
    [ (1,2,3), (4,5,6,7,8) ] ), [ (1,2,3), (4,5,6,7,8) ], 
    [ (1,2,3), (4,7,5,8,6) ] ) ),
# No.5
rec(
  G := Group( [ (1,2,3), (4,5,6,7,8) ] ),
  isConnected := false,
  matrix := [ [ 1, 2, 12, 4, 14, 9, 15, 11, 6, 13, 8, 3, 10, 5, 7 ], 
      [ 1, 2, 12, 4, 14, 9, 15, 11, 6, 13, 8, 3, 10, 5, 7 ], 
      [ 6, 8, 3, 10, 5, 1, 7, 2, 12, 4, 14, 9, 15, 11, 13 ], 
      [ 1, 2, 12, 4, 14, 9, 15, 11, 6, 13, 8, 3, 10, 5, 7 ], 
      [ 6, 8, 3, 10, 5, 1, 7, 2, 12, 4, 14, 9, 15, 11, 13 ], 
      [ 12, 14, 9, 15, 11, 6, 13, 8, 3, 10, 5, 1, 7, 2, 4 ], 
      [ 6, 8, 3, 10, 5, 1, 7, 2, 12, 4, 14, 9, 15, 11, 13 ], 
      [ 12, 14, 9, 15, 11, 6, 13, 8, 3, 10, 5, 1, 7, 2, 4 ], 
      [ 3, 5, 1, 7, 2, 12, 4, 14, 9, 15, 11, 6, 13, 8, 10 ], 
      [ 12, 14, 9, 15, 11, 6, 13, 8, 3, 10, 5, 1, 7, 2, 4 ], 
      [ 3, 5, 1, 7, 2, 12, 4, 14, 9, 15, 11, 6, 13, 8, 10 ], 
      [ 9, 11, 6, 13, 8, 3, 10, 5, 1, 7, 2, 12, 4, 14, 15 ], 
      [ 3, 5, 1, 7, 2, 12, 4, 14, 9, 15, 11, 6, 13, 8, 10 ], 
      [ 9, 11, 6, 13, 8, 3, 10, 5, 1, 7, 2, 12, 4, 14, 15 ], 
      [ 9, 11, 6, 13, 8, 3, 10, 5, 1, 7, 2, 12, 4, 14, 15 ] ],
  ordFix := 3,
  ordf := 2,
  psi := GroupHomomorphismByImages( Group( [ (1,2,3), (4,5,6,7,8) ] ), Group( 
    [ (1,2,3), (4,5,6,7,8) ] ), [ (1,2,3), (4,5,6,7,8) ], 
    [ (1,2,3), (4,8,7,6,5) ] ) ),
# No.6
rec(
  G := Group( [ (1,2,3), (4,5,6,7,8) ] ),
  isConnected := true,
  matrix := [ [ 1, 4, 6, 2, 10, 12, 8, 15, 3, 14, 7, 9, 5, 13, 11 ], 
      [ 4, 2, 10, 1, 8, 15, 6, 14, 7, 12, 5, 13, 3, 11, 9 ], 
      [ 12, 15, 3, 14, 7, 9, 5, 13, 1, 11, 4, 6, 2, 10, 8 ], 
      [ 2, 1, 8, 4, 6, 14, 10, 12, 5, 15, 3, 11, 7, 9, 13 ], 
      [ 15, 14, 7, 12, 5, 13, 3, 11, 4, 9, 2, 10, 1, 8, 6 ], 
      [ 9, 13, 1, 11, 4, 6, 2, 10, 12, 8, 15, 3, 14, 7, 5 ], 
      [ 14, 12, 5, 15, 3, 11, 7, 9, 2, 13, 1, 8, 4, 6, 10 ], 
      [ 13, 11, 4, 9, 2, 10, 1, 8, 15, 6, 14, 7, 12, 5, 3 ], 
      [ 6, 10, 12, 8, 15, 3, 14, 7, 9, 5, 13, 1, 11, 4, 2 ], 
      [ 11, 9, 2, 13, 1, 8, 4, 6, 14, 10, 12, 5, 15, 3, 7 ], 
      [ 10, 8, 15, 6, 14, 7, 12, 5, 13, 3, 11, 4, 9, 2, 1 ], 
      [ 3, 7, 9, 5, 13, 1, 11, 4, 6, 2, 10, 12, 8, 15, 14 ], 
      [ 8, 6, 14, 10, 12, 5, 15, 3, 11, 7, 9, 2, 13, 1, 4 ], 
      [ 7, 5, 13, 3, 11, 4, 9, 2, 10, 1, 8, 15, 6, 14, 12 ], 
      [ 5, 3, 11, 7, 9, 2, 13, 1, 8, 4, 6, 14, 10, 12, 15 ] ],
  ordFix := 1,
  ordf := 4,
  psi := GroupHomomorphismByImages( Group( [ (1,2,3), (4,5,6,7,8) ] ), Group( 
    [ (1,2,3), (4,5,6,7,8) ] ), [ (1,2,3), (4,5,6,7,8) ], 
    [ (1,3,2), (4,6,8,5,7) ] ) ),
# No.7
rec(
  G := Group( [ (1,2,3), (4,5,6,7,8) ] ),
  isConnected := true,
  matrix := [ [ 1, 4, 9, 2, 13, 3, 11, 7, 12, 5, 15, 6, 14, 10, 8 ], 
      [ 4, 2, 13, 1, 11, 7, 9, 5, 15, 3, 14, 10, 12, 8, 6 ], 
      [ 9, 13, 3, 11, 7, 12, 5, 15, 6, 14, 10, 1, 8, 4, 2 ], 
      [ 2, 1, 11, 4, 9, 5, 13, 3, 14, 7, 12, 8, 15, 6, 10 ], 
      [ 13, 11, 7, 9, 5, 15, 3, 14, 10, 12, 8, 4, 6, 2, 1 ], 
      [ 3, 7, 12, 5, 15, 6, 14, 10, 1, 8, 4, 9, 2, 13, 11 ], 
      [ 11, 9, 5, 13, 3, 14, 7, 12, 8, 15, 6, 2, 10, 1, 4 ], 
      [ 7, 5, 15, 3, 14, 10, 12, 8, 4, 6, 2, 13, 1, 11, 9 ], 
      [ 12, 15, 6, 14, 10, 1, 8, 4, 9, 2, 13, 3, 11, 7, 5 ], 
      [ 5, 3, 14, 7, 12, 8, 15, 6, 2, 10, 1, 11, 4, 9, 13 ], 
      [ 15, 14, 10, 12, 8, 4, 6, 2, 13, 1, 11, 7, 9, 5, 3 ], 
      [ 6, 10, 1, 8, 4, 9, 2, 13, 3, 11, 7, 12, 5, 15, 14 ], 
      [ 14, 12, 8, 15, 6, 2, 10, 1, 11, 4, 9, 5, 13, 3, 7 ], 
      [ 10, 8, 4, 6, 2, 13, 1, 11, 7, 9, 5, 15, 3, 14, 12 ], 
      [ 8, 6, 2, 10, 1, 11, 4, 9, 5, 13, 3, 14, 7, 12, 15 ] ],
  ordFix := 1,
  ordf := 4,
  psi := GroupHomomorphismByImages( Group( [ (1,2,3), (4,5,6,7,8) ] ), Group( 
    [ (1,2,3), (4,5,6,7,8) ] ), [ (1,2,3), (4,5,6,7,8) ], 
    [ (1,3,2), (4,7,5,8,6) ] ) ),
# No.8
rec(
  G := Group( [ (1,2,3), (4,5,6,7,8) ] ),
  isConnected := true,
  matrix := [ [ 1, 4, 12, 2, 15, 9, 14, 13, 6, 11, 10, 3, 8, 7, 5 ], 
      [ 4, 2, 15, 1, 14, 13, 12, 11, 10, 9, 8, 7, 6, 5, 3 ], 
      [ 6, 10, 3, 8, 7, 1, 5, 4, 12, 2, 15, 9, 14, 13, 11 ], 
      [ 2, 1, 14, 4, 12, 11, 15, 9, 8, 13, 6, 5, 10, 3, 7 ], 
      [ 10, 8, 7, 6, 5, 4, 3, 2, 15, 1, 14, 13, 12, 11, 9 ], 
      [ 12, 15, 9, 14, 13, 6, 11, 10, 3, 8, 7, 1, 5, 4, 2 ], 
      [ 8, 6, 5, 10, 3, 2, 7, 1, 14, 4, 12, 11, 15, 9, 13 ], 
      [ 15, 14, 13, 12, 11, 10, 9, 8, 7, 6, 5, 4, 3, 2, 1 ], 
      [ 3, 7, 1, 5, 4, 12, 2, 15, 9, 14, 13, 6, 11, 10, 8 ], 
      [ 14, 12, 11, 15, 9, 8, 13, 6, 5, 10, 3, 2, 7, 1, 4 ], 
      [ 7, 5, 4, 3, 2, 15, 1, 14, 13, 12, 11, 10, 9, 8, 6 ], 
      [ 9, 13, 6, 11, 10, 3, 8, 7, 1, 5, 4, 12, 2, 15, 14 ], 
      [ 5, 3, 2, 7, 1, 14, 4, 12, 11, 15, 9, 8, 13, 6, 10 ], 
      [ 13, 11, 10, 9, 8, 7, 6, 5, 4, 3, 2, 15, 1, 14, 12 ], 
      [ 11, 9, 8, 13, 6, 5, 10, 3, 2, 7, 1, 14, 4, 12, 15 ] ],
  ordFix := 1,
  ordf := 2,
  psi := GroupHomomorphismByImages( Group( [ (1,2,3), (4,5,6,7,8) ] ), Group( 
    [ (1,2,3), (4,5,6,7,8) ] ), [ (1,2,3), (4,5,6,7,8) ], 
    [ (1,3,2), (4,8,7,6,5) ] ) ),
]; 
### end of file ###