# 
# computed by Jin Kosaka and Hirotake Kurihara 
# using gap 4.12.2 
# 
GAQ_22 :=
[
# No.1
rec(
  G := Group( [ (1,2), ( 3, 4, 5, 6, 7, 8, 9,10,11,12,13) ] ),
  isConnected := false,
  matrix := 
   [ [ 1, 2, 3, 4, 5, 6, 7, 8, 9, 10, 11, 12, 13, 14, 15, 16, 17, 18, 19, 20, 
          21, 22 ], 
      [ 1, 2, 3, 4, 5, 6, 7, 8, 9, 10, 11, 12, 13, 14, 15, 16, 17, 18, 19, 
          20, 21, 22 ], 
      [ 1, 2, 3, 4, 5, 6, 7, 8, 9, 10, 11, 12, 13, 14, 15, 16, 17, 18, 19, 
          20, 21, 22 ], 
      [ 1, 2, 3, 4, 5, 6, 7, 8, 9, 10, 11, 12, 13, 14, 15, 16, 17, 18, 19, 
          20, 21, 22 ], 
      [ 1, 2, 3, 4, 5, 6, 7, 8, 9, 10, 11, 12, 13, 14, 15, 16, 17, 18, 19, 
          20, 21, 22 ], 
      [ 1, 2, 3, 4, 5, 6, 7, 8, 9, 10, 11, 12, 13, 14, 15, 16, 17, 18, 19, 
          20, 21, 22 ], 
      [ 1, 2, 3, 4, 5, 6, 7, 8, 9, 10, 11, 12, 13, 14, 15, 16, 17, 18, 19, 
          20, 21, 22 ], 
      [ 1, 2, 3, 4, 5, 6, 7, 8, 9, 10, 11, 12, 13, 14, 15, 16, 17, 18, 19, 
          20, 21, 22 ], 
      [ 1, 2, 3, 4, 5, 6, 7, 8, 9, 10, 11, 12, 13, 14, 15, 16, 17, 18, 19, 
          20, 21, 22 ], 
      [ 1, 2, 3, 4, 5, 6, 7, 8, 9, 10, 11, 12, 13, 14, 15, 16, 17, 18, 19, 
          20, 21, 22 ], 
      [ 1, 2, 3, 4, 5, 6, 7, 8, 9, 10, 11, 12, 13, 14, 15, 16, 17, 18, 19, 
          20, 21, 22 ], 
      [ 1, 2, 3, 4, 5, 6, 7, 8, 9, 10, 11, 12, 13, 14, 15, 16, 17, 18, 19, 
          20, 21, 22 ], 
      [ 1, 2, 3, 4, 5, 6, 7, 8, 9, 10, 11, 12, 13, 14, 15, 16, 17, 18, 19, 
          20, 21, 22 ], 
      [ 1, 2, 3, 4, 5, 6, 7, 8, 9, 10, 11, 12, 13, 14, 15, 16, 17, 18, 19, 
          20, 21, 22 ], 
      [ 1, 2, 3, 4, 5, 6, 7, 8, 9, 10, 11, 12, 13, 14, 15, 16, 17, 18, 19, 
          20, 21, 22 ], 
      [ 1, 2, 3, 4, 5, 6, 7, 8, 9, 10, 11, 12, 13, 14, 15, 16, 17, 18, 19, 
          20, 21, 22 ], 
      [ 1, 2, 3, 4, 5, 6, 7, 8, 9, 10, 11, 12, 13, 14, 15, 16, 17, 18, 19, 
          20, 21, 22 ], 
      [ 1, 2, 3, 4, 5, 6, 7, 8, 9, 10, 11, 12, 13, 14, 15, 16, 17, 18, 19, 
          20, 21, 22 ], 
      [ 1, 2, 3, 4, 5, 6, 7, 8, 9, 10, 11, 12, 13, 14, 15, 16, 17, 18, 19, 
          20, 21, 22 ], 
      [ 1, 2, 3, 4, 5, 6, 7, 8, 9, 10, 11, 12, 13, 14, 15, 16, 17, 18, 19, 
          20, 21, 22 ], 
      [ 1, 2, 3, 4, 5, 6, 7, 8, 9, 10, 11, 12, 13, 14, 15, 16, 17, 18, 19, 
          20, 21, 22 ], 
      [ 1, 2, 3, 4, 5, 6, 7, 8, 9, 10, 11, 12, 13, 14, 15, 16, 17, 18, 19, 
          20, 21, 22 ] ],
  ordFix := 22,
  ordf := 1,
  psi := GroupHomomorphismByImages( Group( 
    [ (1,2), ( 3, 4, 5, 6, 7, 8, 9,10,11,12,13) ] ), Group( 
    [ (1,2), ( 3, 4, 5, 6, 7, 8, 9,10,11,12,13) ] ), 
    [ (1,2), ( 3, 4, 5, 6, 7, 8, 9,10,11,12,13) ], 
    [ (1,2), ( 3, 4, 5, 6, 7, 8, 9,10,11,12,13) ] ) ),
# No.2
rec(
  G := Group( [ (1,2), ( 3, 4, 5, 6, 7, 8, 9,10,11,12,13) ] ),
  isConnected := false,
  matrix := 
   [ [ 1, 2, 5, 6, 9, 10, 13, 14, 17, 18, 21, 22, 3, 4, 7, 8, 11, 12, 15, 16, 
          19, 20 ], 
      [ 1, 2, 5, 6, 9, 10, 13, 14, 17, 18, 21, 22, 3, 4, 7, 8, 11, 12, 15, 
          16, 19, 20 ], 
      [ 21, 22, 3, 4, 7, 8, 11, 12, 15, 16, 19, 20, 1, 2, 5, 6, 9, 10, 13, 
          14, 17, 18 ], 
      [ 21, 22, 3, 4, 7, 8, 11, 12, 15, 16, 19, 20, 1, 2, 5, 6, 9, 10, 13, 
          14, 17, 18 ], 
      [ 19, 20, 1, 2, 5, 6, 9, 10, 13, 14, 17, 18, 21, 22, 3, 4, 7, 8, 11, 
          12, 15, 16 ], 
      [ 19, 20, 1, 2, 5, 6, 9, 10, 13, 14, 17, 18, 21, 22, 3, 4, 7, 8, 11, 
          12, 15, 16 ], 
      [ 17, 18, 21, 22, 3, 4, 7, 8, 11, 12, 15, 16, 19, 20, 1, 2, 5, 6, 9, 
          10, 13, 14 ], 
      [ 17, 18, 21, 22, 3, 4, 7, 8, 11, 12, 15, 16, 19, 20, 1, 2, 5, 6, 9, 
          10, 13, 14 ], 
      [ 15, 16, 19, 20, 1, 2, 5, 6, 9, 10, 13, 14, 17, 18, 21, 22, 3, 4, 7, 
          8, 11, 12 ], 
      [ 15, 16, 19, 20, 1, 2, 5, 6, 9, 10, 13, 14, 17, 18, 21, 22, 3, 4, 7, 
          8, 11, 12 ], 
      [ 13, 14, 17, 18, 21, 22, 3, 4, 7, 8, 11, 12, 15, 16, 19, 20, 1, 2, 5, 
          6, 9, 10 ], 
      [ 13, 14, 17, 18, 21, 22, 3, 4, 7, 8, 11, 12, 15, 16, 19, 20, 1, 2, 5, 
          6, 9, 10 ], 
      [ 11, 12, 15, 16, 19, 20, 1, 2, 5, 6, 9, 10, 13, 14, 17, 18, 21, 22, 3, 
          4, 7, 8 ], 
      [ 11, 12, 15, 16, 19, 20, 1, 2, 5, 6, 9, 10, 13, 14, 17, 18, 21, 22, 3, 
          4, 7, 8 ], 
      [ 9, 10, 13, 14, 17, 18, 21, 22, 3, 4, 7, 8, 11, 12, 15, 16, 19, 20, 1, 
          2, 5, 6 ], 
      [ 9, 10, 13, 14, 17, 18, 21, 22, 3, 4, 7, 8, 11, 12, 15, 16, 19, 20, 1, 
          2, 5, 6 ], 
      [ 7, 8, 11, 12, 15, 16, 19, 20, 1, 2, 5, 6, 9, 10, 13, 14, 17, 18, 21, 
          22, 3, 4 ], 
      [ 7, 8, 11, 12, 15, 16, 19, 20, 1, 2, 5, 6, 9, 10, 13, 14, 17, 18, 21, 
          22, 3, 4 ], 
      [ 5, 6, 9, 10, 13, 14, 17, 18, 21, 22, 3, 4, 7, 8, 11, 12, 15, 16, 19, 
          20, 1, 2 ], 
      [ 5, 6, 9, 10, 13, 14, 17, 18, 21, 22, 3, 4, 7, 8, 11, 12, 15, 16, 19, 
          20, 1, 2 ], 
      [ 3, 4, 7, 8, 11, 12, 15, 16, 19, 20, 1, 2, 5, 6, 9, 10, 13, 14, 17, 
          18, 21, 22 ], 
      [ 3, 4, 7, 8, 11, 12, 15, 16, 19, 20, 1, 2, 5, 6, 9, 10, 13, 14, 17, 
          18, 21, 22 ] ],
  ordFix := 2,
  ordf := 10,
  psi := GroupHomomorphismByImages( Group( 
    [ (1,2), ( 3, 4, 5, 6, 7, 8, 9,10,11,12,13) ] ), Group( 
    [ (1,2), ( 3, 4, 5, 6, 7, 8, 9,10,11,12,13) ] ), 
    [ (1,2), ( 3, 4, 5, 6, 7, 8, 9,10,11,12,13) ], 
    [ (1,2), ( 3, 5, 7, 9,11,13, 4, 6, 8,10,12) ] ) ),
# No.3
rec(
  G := Group( [ (1,2), ( 3, 4, 5, 6, 7, 8, 9,10,11,12,13) ] ),
  isConnected := false,
  matrix := 
   [ [ 1, 2, 7, 8, 13, 14, 19, 20, 3, 4, 9, 10, 15, 16, 21, 22, 5, 6, 11, 12, 
          17, 18 ], 
      [ 1, 2, 7, 8, 13, 14, 19, 20, 3, 4, 9, 10, 15, 16, 21, 22, 5, 6, 11, 
          12, 17, 18 ], 
      [ 19, 20, 3, 4, 9, 10, 15, 16, 21, 22, 5, 6, 11, 12, 17, 18, 1, 2, 7, 
          8, 13, 14 ], 
      [ 19, 20, 3, 4, 9, 10, 15, 16, 21, 22, 5, 6, 11, 12, 17, 18, 1, 2, 7, 
          8, 13, 14 ], 
      [ 15, 16, 21, 22, 5, 6, 11, 12, 17, 18, 1, 2, 7, 8, 13, 14, 19, 20, 3, 
          4, 9, 10 ], 
      [ 15, 16, 21, 22, 5, 6, 11, 12, 17, 18, 1, 2, 7, 8, 13, 14, 19, 20, 3, 
          4, 9, 10 ], 
      [ 11, 12, 17, 18, 1, 2, 7, 8, 13, 14, 19, 20, 3, 4, 9, 10, 15, 16, 21, 
          22, 5, 6 ], 
      [ 11, 12, 17, 18, 1, 2, 7, 8, 13, 14, 19, 20, 3, 4, 9, 10, 15, 16, 21, 
          22, 5, 6 ], 
      [ 7, 8, 13, 14, 19, 20, 3, 4, 9, 10, 15, 16, 21, 22, 5, 6, 11, 12, 17, 
          18, 1, 2 ], 
      [ 7, 8, 13, 14, 19, 20, 3, 4, 9, 10, 15, 16, 21, 22, 5, 6, 11, 12, 17, 
          18, 1, 2 ], 
      [ 3, 4, 9, 10, 15, 16, 21, 22, 5, 6, 11, 12, 17, 18, 1, 2, 7, 8, 13, 
          14, 19, 20 ], 
      [ 3, 4, 9, 10, 15, 16, 21, 22, 5, 6, 11, 12, 17, 18, 1, 2, 7, 8, 13, 
          14, 19, 20 ], 
      [ 21, 22, 5, 6, 11, 12, 17, 18, 1, 2, 7, 8, 13, 14, 19, 20, 3, 4, 9, 
          10, 15, 16 ], 
      [ 21, 22, 5, 6, 11, 12, 17, 18, 1, 2, 7, 8, 13, 14, 19, 20, 3, 4, 9, 
          10, 15, 16 ], 
      [ 17, 18, 1, 2, 7, 8, 13, 14, 19, 20, 3, 4, 9, 10, 15, 16, 21, 22, 5, 
          6, 11, 12 ], 
      [ 17, 18, 1, 2, 7, 8, 13, 14, 19, 20, 3, 4, 9, 10, 15, 16, 21, 22, 5, 
          6, 11, 12 ], 
      [ 13, 14, 19, 20, 3, 4, 9, 10, 15, 16, 21, 22, 5, 6, 11, 12, 17, 18, 1, 
          2, 7, 8 ], 
      [ 13, 14, 19, 20, 3, 4, 9, 10, 15, 16, 21, 22, 5, 6, 11, 12, 17, 18, 1, 
          2, 7, 8 ], 
      [ 9, 10, 15, 16, 21, 22, 5, 6, 11, 12, 17, 18, 1, 2, 7, 8, 13, 14, 19, 
          20, 3, 4 ], 
      [ 9, 10, 15, 16, 21, 22, 5, 6, 11, 12, 17, 18, 1, 2, 7, 8, 13, 14, 19, 
          20, 3, 4 ], 
      [ 5, 6, 11, 12, 17, 18, 1, 2, 7, 8, 13, 14, 19, 20, 3, 4, 9, 10, 15, 
          16, 21, 22 ], 
      [ 5, 6, 11, 12, 17, 18, 1, 2, 7, 8, 13, 14, 19, 20, 3, 4, 9, 10, 15, 
          16, 21, 22 ] ],
  ordFix := 2,
  ordf := 5,
  psi := GroupHomomorphismByImages( Group( 
    [ (1,2), ( 3, 4, 5, 6, 7, 8, 9,10,11,12,13) ] ), Group( 
    [ (1,2), ( 3, 4, 5, 6, 7, 8, 9,10,11,12,13) ] ), 
    [ (1,2), ( 3, 4, 5, 6, 7, 8, 9,10,11,12,13) ], 
    [ (1,2), ( 3, 6, 9,12, 4, 7,10,13, 5, 8,11) ] ) ),
# No.4
rec(
  G := Group( [ (1,2), ( 3, 4, 5, 6, 7, 8, 9,10,11,12,13) ] ),
  isConnected := false,
  matrix := 
   [ [ 1, 2, 9, 10, 17, 18, 3, 4, 11, 12, 19, 20, 5, 6, 13, 14, 21, 22, 7, 8, 
          15, 16 ], 
      [ 1, 2, 9, 10, 17, 18, 3, 4, 11, 12, 19, 20, 5, 6, 13, 14, 21, 22, 7, 
          8, 15, 16 ], 
      [ 17, 18, 3, 4, 11, 12, 19, 20, 5, 6, 13, 14, 21, 22, 7, 8, 15, 16, 1, 
          2, 9, 10 ], 
      [ 17, 18, 3, 4, 11, 12, 19, 20, 5, 6, 13, 14, 21, 22, 7, 8, 15, 16, 1, 
          2, 9, 10 ], 
      [ 11, 12, 19, 20, 5, 6, 13, 14, 21, 22, 7, 8, 15, 16, 1, 2, 9, 10, 17, 
          18, 3, 4 ], 
      [ 11, 12, 19, 20, 5, 6, 13, 14, 21, 22, 7, 8, 15, 16, 1, 2, 9, 10, 17, 
          18, 3, 4 ], 
      [ 5, 6, 13, 14, 21, 22, 7, 8, 15, 16, 1, 2, 9, 10, 17, 18, 3, 4, 11, 
          12, 19, 20 ], 
      [ 5, 6, 13, 14, 21, 22, 7, 8, 15, 16, 1, 2, 9, 10, 17, 18, 3, 4, 11, 
          12, 19, 20 ], 
      [ 21, 22, 7, 8, 15, 16, 1, 2, 9, 10, 17, 18, 3, 4, 11, 12, 19, 20, 5, 
          6, 13, 14 ], 
      [ 21, 22, 7, 8, 15, 16, 1, 2, 9, 10, 17, 18, 3, 4, 11, 12, 19, 20, 5, 
          6, 13, 14 ], 
      [ 15, 16, 1, 2, 9, 10, 17, 18, 3, 4, 11, 12, 19, 20, 5, 6, 13, 14, 21, 
          22, 7, 8 ], 
      [ 15, 16, 1, 2, 9, 10, 17, 18, 3, 4, 11, 12, 19, 20, 5, 6, 13, 14, 21, 
          22, 7, 8 ], 
      [ 9, 10, 17, 18, 3, 4, 11, 12, 19, 20, 5, 6, 13, 14, 21, 22, 7, 8, 15, 
          16, 1, 2 ], 
      [ 9, 10, 17, 18, 3, 4, 11, 12, 19, 20, 5, 6, 13, 14, 21, 22, 7, 8, 15, 
          16, 1, 2 ], 
      [ 3, 4, 11, 12, 19, 20, 5, 6, 13, 14, 21, 22, 7, 8, 15, 16, 1, 2, 9, 
          10, 17, 18 ], 
      [ 3, 4, 11, 12, 19, 20, 5, 6, 13, 14, 21, 22, 7, 8, 15, 16, 1, 2, 9, 
          10, 17, 18 ], 
      [ 19, 20, 5, 6, 13, 14, 21, 22, 7, 8, 15, 16, 1, 2, 9, 10, 17, 18, 3, 
          4, 11, 12 ], 
      [ 19, 20, 5, 6, 13, 14, 21, 22, 7, 8, 15, 16, 1, 2, 9, 10, 17, 18, 3, 
          4, 11, 12 ], 
      [ 13, 14, 21, 22, 7, 8, 15, 16, 1, 2, 9, 10, 17, 18, 3, 4, 11, 12, 19, 
          20, 5, 6 ], 
      [ 13, 14, 21, 22, 7, 8, 15, 16, 1, 2, 9, 10, 17, 18, 3, 4, 11, 12, 19, 
          20, 5, 6 ], 
      [ 7, 8, 15, 16, 1, 2, 9, 10, 17, 18, 3, 4, 11, 12, 19, 20, 5, 6, 13, 
          14, 21, 22 ], 
      [ 7, 8, 15, 16, 1, 2, 9, 10, 17, 18, 3, 4, 11, 12, 19, 20, 5, 6, 13, 
          14, 21, 22 ] ],
  ordFix := 2,
  ordf := 5,
  psi := GroupHomomorphismByImages( Group( 
    [ (1,2), ( 3, 4, 5, 6, 7, 8, 9,10,11,12,13) ] ), Group( 
    [ (1,2), ( 3, 4, 5, 6, 7, 8, 9,10,11,12,13) ] ), 
    [ (1,2), ( 3, 4, 5, 6, 7, 8, 9,10,11,12,13) ], 
    [ (1,2), ( 3, 7,11, 4, 8,12, 5, 9,13, 6,10) ] ) ),
# No.5
rec(
  G := Group( [ (1,2), ( 3, 4, 5, 6, 7, 8, 9,10,11,12,13) ] ),
  isConnected := false,
  matrix := 
   [ [ 1, 2, 11, 12, 21, 22, 9, 10, 19, 20, 7, 8, 17, 18, 5, 6, 15, 16, 3, 4, 
          13, 14 ], 
      [ 1, 2, 11, 12, 21, 22, 9, 10, 19, 20, 7, 8, 17, 18, 5, 6, 15, 16, 3, 
          4, 13, 14 ], 
      [ 15, 16, 3, 4, 13, 14, 1, 2, 11, 12, 21, 22, 9, 10, 19, 20, 7, 8, 17, 
          18, 5, 6 ], 
      [ 15, 16, 3, 4, 13, 14, 1, 2, 11, 12, 21, 22, 9, 10, 19, 20, 7, 8, 17, 
          18, 5, 6 ], 
      [ 7, 8, 17, 18, 5, 6, 15, 16, 3, 4, 13, 14, 1, 2, 11, 12, 21, 22, 9, 
          10, 19, 20 ], 
      [ 7, 8, 17, 18, 5, 6, 15, 16, 3, 4, 13, 14, 1, 2, 11, 12, 21, 22, 9, 
          10, 19, 20 ], 
      [ 21, 22, 9, 10, 19, 20, 7, 8, 17, 18, 5, 6, 15, 16, 3, 4, 13, 14, 1, 
          2, 11, 12 ], 
      [ 21, 22, 9, 10, 19, 20, 7, 8, 17, 18, 5, 6, 15, 16, 3, 4, 13, 14, 1, 
          2, 11, 12 ], 
      [ 13, 14, 1, 2, 11, 12, 21, 22, 9, 10, 19, 20, 7, 8, 17, 18, 5, 6, 15, 
          16, 3, 4 ], 
      [ 13, 14, 1, 2, 11, 12, 21, 22, 9, 10, 19, 20, 7, 8, 17, 18, 5, 6, 15, 
          16, 3, 4 ], 
      [ 5, 6, 15, 16, 3, 4, 13, 14, 1, 2, 11, 12, 21, 22, 9, 10, 19, 20, 7, 
          8, 17, 18 ], 
      [ 5, 6, 15, 16, 3, 4, 13, 14, 1, 2, 11, 12, 21, 22, 9, 10, 19, 20, 7, 
          8, 17, 18 ], 
      [ 19, 20, 7, 8, 17, 18, 5, 6, 15, 16, 3, 4, 13, 14, 1, 2, 11, 12, 21, 
          22, 9, 10 ], 
      [ 19, 20, 7, 8, 17, 18, 5, 6, 15, 16, 3, 4, 13, 14, 1, 2, 11, 12, 21, 
          22, 9, 10 ], 
      [ 11, 12, 21, 22, 9, 10, 19, 20, 7, 8, 17, 18, 5, 6, 15, 16, 3, 4, 13, 
          14, 1, 2 ], 
      [ 11, 12, 21, 22, 9, 10, 19, 20, 7, 8, 17, 18, 5, 6, 15, 16, 3, 4, 13, 
          14, 1, 2 ], 
      [ 3, 4, 13, 14, 1, 2, 11, 12, 21, 22, 9, 10, 19, 20, 7, 8, 17, 18, 5, 
          6, 15, 16 ], 
      [ 3, 4, 13, 14, 1, 2, 11, 12, 21, 22, 9, 10, 19, 20, 7, 8, 17, 18, 5, 
          6, 15, 16 ], 
      [ 17, 18, 5, 6, 15, 16, 3, 4, 13, 14, 1, 2, 11, 12, 21, 22, 9, 10, 19, 
          20, 7, 8 ], 
      [ 17, 18, 5, 6, 15, 16, 3, 4, 13, 14, 1, 2, 11, 12, 21, 22, 9, 10, 19, 
          20, 7, 8 ], 
      [ 9, 10, 19, 20, 7, 8, 17, 18, 5, 6, 15, 16, 3, 4, 13, 14, 1, 2, 11, 
          12, 21, 22 ], 
      [ 9, 10, 19, 20, 7, 8, 17, 18, 5, 6, 15, 16, 3, 4, 13, 14, 1, 2, 11, 
          12, 21, 22 ] ],
  ordFix := 2,
  ordf := 5,
  psi := GroupHomomorphismByImages( Group( 
    [ (1,2), ( 3, 4, 5, 6, 7, 8, 9,10,11,12,13) ] ), Group( 
    [ (1,2), ( 3, 4, 5, 6, 7, 8, 9,10,11,12,13) ] ), 
    [ (1,2), ( 3, 4, 5, 6, 7, 8, 9,10,11,12,13) ], 
    [ (1,2), ( 3, 8,13, 7,12, 6,11, 5,10, 4, 9) ] ) ),
# No.6
rec(
  G := Group( [ (1,2), ( 3, 4, 5, 6, 7, 8, 9,10,11,12,13) ] ),
  isConnected := false,
  matrix := 
   [ [ 1, 2, 13, 14, 3, 4, 15, 16, 5, 6, 17, 18, 7, 8, 19, 20, 9, 10, 21, 22, 
          11, 12 ], 
      [ 1, 2, 13, 14, 3, 4, 15, 16, 5, 6, 17, 18, 7, 8, 19, 20, 9, 10, 21, 
          22, 11, 12 ], 
      [ 13, 14, 3, 4, 15, 16, 5, 6, 17, 18, 7, 8, 19, 20, 9, 10, 21, 22, 11, 
          12, 1, 2 ], 
      [ 13, 14, 3, 4, 15, 16, 5, 6, 17, 18, 7, 8, 19, 20, 9, 10, 21, 22, 11, 
          12, 1, 2 ], 
      [ 3, 4, 15, 16, 5, 6, 17, 18, 7, 8, 19, 20, 9, 10, 21, 22, 11, 12, 1, 
          2, 13, 14 ], 
      [ 3, 4, 15, 16, 5, 6, 17, 18, 7, 8, 19, 20, 9, 10, 21, 22, 11, 12, 1, 
          2, 13, 14 ], 
      [ 15, 16, 5, 6, 17, 18, 7, 8, 19, 20, 9, 10, 21, 22, 11, 12, 1, 2, 13, 
          14, 3, 4 ], 
      [ 15, 16, 5, 6, 17, 18, 7, 8, 19, 20, 9, 10, 21, 22, 11, 12, 1, 2, 13, 
          14, 3, 4 ], 
      [ 5, 6, 17, 18, 7, 8, 19, 20, 9, 10, 21, 22, 11, 12, 1, 2, 13, 14, 3, 
          4, 15, 16 ], 
      [ 5, 6, 17, 18, 7, 8, 19, 20, 9, 10, 21, 22, 11, 12, 1, 2, 13, 14, 3, 
          4, 15, 16 ], 
      [ 17, 18, 7, 8, 19, 20, 9, 10, 21, 22, 11, 12, 1, 2, 13, 14, 3, 4, 15, 
          16, 5, 6 ], 
      [ 17, 18, 7, 8, 19, 20, 9, 10, 21, 22, 11, 12, 1, 2, 13, 14, 3, 4, 15, 
          16, 5, 6 ], 
      [ 7, 8, 19, 20, 9, 10, 21, 22, 11, 12, 1, 2, 13, 14, 3, 4, 15, 16, 5, 
          6, 17, 18 ], 
      [ 7, 8, 19, 20, 9, 10, 21, 22, 11, 12, 1, 2, 13, 14, 3, 4, 15, 16, 5, 
          6, 17, 18 ], 
      [ 19, 20, 9, 10, 21, 22, 11, 12, 1, 2, 13, 14, 3, 4, 15, 16, 5, 6, 17, 
          18, 7, 8 ], 
      [ 19, 20, 9, 10, 21, 22, 11, 12, 1, 2, 13, 14, 3, 4, 15, 16, 5, 6, 17, 
          18, 7, 8 ], 
      [ 9, 10, 21, 22, 11, 12, 1, 2, 13, 14, 3, 4, 15, 16, 5, 6, 17, 18, 7, 
          8, 19, 20 ], 
      [ 9, 10, 21, 22, 11, 12, 1, 2, 13, 14, 3, 4, 15, 16, 5, 6, 17, 18, 7, 
          8, 19, 20 ], 
      [ 21, 22, 11, 12, 1, 2, 13, 14, 3, 4, 15, 16, 5, 6, 17, 18, 7, 8, 19, 
          20, 9, 10 ], 
      [ 21, 22, 11, 12, 1, 2, 13, 14, 3, 4, 15, 16, 5, 6, 17, 18, 7, 8, 19, 
          20, 9, 10 ], 
      [ 11, 12, 1, 2, 13, 14, 3, 4, 15, 16, 5, 6, 17, 18, 7, 8, 19, 20, 9, 
          10, 21, 22 ], 
      [ 11, 12, 1, 2, 13, 14, 3, 4, 15, 16, 5, 6, 17, 18, 7, 8, 19, 20, 9, 
          10, 21, 22 ] ],
  ordFix := 2,
  ordf := 10,
  psi := GroupHomomorphismByImages( Group( 
    [ (1,2), ( 3, 4, 5, 6, 7, 8, 9,10,11,12,13) ] ), Group( 
    [ (1,2), ( 3, 4, 5, 6, 7, 8, 9,10,11,12,13) ] ), 
    [ (1,2), ( 3, 4, 5, 6, 7, 8, 9,10,11,12,13) ], 
    [ (1,2), ( 3, 9, 4,10, 5,11, 6,12, 7,13, 8) ] ) ),
# No.7
rec(
  G := Group( [ (1,2), ( 3, 4, 5, 6, 7, 8, 9,10,11,12,13) ] ),
  isConnected := false,
  matrix := 
   [ [ 1, 2, 15, 16, 7, 8, 21, 22, 13, 14, 5, 6, 19, 20, 11, 12, 3, 4, 17, 
          18, 9, 10 ], 
      [ 1, 2, 15, 16, 7, 8, 21, 22, 13, 14, 5, 6, 19, 20, 11, 12, 3, 4, 17, 
          18, 9, 10 ], 
      [ 11, 12, 3, 4, 17, 18, 9, 10, 1, 2, 15, 16, 7, 8, 21, 22, 13, 14, 5, 
          6, 19, 20 ], 
      [ 11, 12, 3, 4, 17, 18, 9, 10, 1, 2, 15, 16, 7, 8, 21, 22, 13, 14, 5, 
          6, 19, 20 ], 
      [ 21, 22, 13, 14, 5, 6, 19, 20, 11, 12, 3, 4, 17, 18, 9, 10, 1, 2, 15, 
          16, 7, 8 ], 
      [ 21, 22, 13, 14, 5, 6, 19, 20, 11, 12, 3, 4, 17, 18, 9, 10, 1, 2, 15, 
          16, 7, 8 ], 
      [ 9, 10, 1, 2, 15, 16, 7, 8, 21, 22, 13, 14, 5, 6, 19, 20, 11, 12, 3, 
          4, 17, 18 ], 
      [ 9, 10, 1, 2, 15, 16, 7, 8, 21, 22, 13, 14, 5, 6, 19, 20, 11, 12, 3, 
          4, 17, 18 ], 
      [ 19, 20, 11, 12, 3, 4, 17, 18, 9, 10, 1, 2, 15, 16, 7, 8, 21, 22, 13, 
          14, 5, 6 ], 
      [ 19, 20, 11, 12, 3, 4, 17, 18, 9, 10, 1, 2, 15, 16, 7, 8, 21, 22, 13, 
          14, 5, 6 ], 
      [ 7, 8, 21, 22, 13, 14, 5, 6, 19, 20, 11, 12, 3, 4, 17, 18, 9, 10, 1, 
          2, 15, 16 ], 
      [ 7, 8, 21, 22, 13, 14, 5, 6, 19, 20, 11, 12, 3, 4, 17, 18, 9, 10, 1, 
          2, 15, 16 ], 
      [ 17, 18, 9, 10, 1, 2, 15, 16, 7, 8, 21, 22, 13, 14, 5, 6, 19, 20, 11, 
          12, 3, 4 ], 
      [ 17, 18, 9, 10, 1, 2, 15, 16, 7, 8, 21, 22, 13, 14, 5, 6, 19, 20, 11, 
          12, 3, 4 ], 
      [ 5, 6, 19, 20, 11, 12, 3, 4, 17, 18, 9, 10, 1, 2, 15, 16, 7, 8, 21, 
          22, 13, 14 ], 
      [ 5, 6, 19, 20, 11, 12, 3, 4, 17, 18, 9, 10, 1, 2, 15, 16, 7, 8, 21, 
          22, 13, 14 ], 
      [ 15, 16, 7, 8, 21, 22, 13, 14, 5, 6, 19, 20, 11, 12, 3, 4, 17, 18, 9, 
          10, 1, 2 ], 
      [ 15, 16, 7, 8, 21, 22, 13, 14, 5, 6, 19, 20, 11, 12, 3, 4, 17, 18, 9, 
          10, 1, 2 ], 
      [ 3, 4, 17, 18, 9, 10, 1, 2, 15, 16, 7, 8, 21, 22, 13, 14, 5, 6, 19, 
          20, 11, 12 ], 
      [ 3, 4, 17, 18, 9, 10, 1, 2, 15, 16, 7, 8, 21, 22, 13, 14, 5, 6, 19, 
          20, 11, 12 ], 
      [ 13, 14, 5, 6, 19, 20, 11, 12, 3, 4, 17, 18, 9, 10, 1, 2, 15, 16, 7, 
          8, 21, 22 ], 
      [ 13, 14, 5, 6, 19, 20, 11, 12, 3, 4, 17, 18, 9, 10, 1, 2, 15, 16, 7, 
          8, 21, 22 ] ],
  ordFix := 2,
  ordf := 10,
  psi := GroupHomomorphismByImages( Group( 
    [ (1,2), ( 3, 4, 5, 6, 7, 8, 9,10,11,12,13) ] ), Group( 
    [ (1,2), ( 3, 4, 5, 6, 7, 8, 9,10,11,12,13) ] ), 
    [ (1,2), ( 3, 4, 5, 6, 7, 8, 9,10,11,12,13) ], 
    [ (1,2), ( 3,10, 6,13, 9, 5,12, 8, 4,11, 7) ] ) ),
# No.8
rec(
  G := Group( [ (1,2), ( 3, 4, 5, 6, 7, 8, 9,10,11,12,13) ] ),
  isConnected := false,
  matrix := 
   [ [ 1, 2, 17, 18, 11, 12, 5, 6, 21, 22, 15, 16, 9, 10, 3, 4, 19, 20, 13, 
          14, 7, 8 ], 
      [ 1, 2, 17, 18, 11, 12, 5, 6, 21, 22, 15, 16, 9, 10, 3, 4, 19, 20, 13, 
          14, 7, 8 ], 
      [ 9, 10, 3, 4, 19, 20, 13, 14, 7, 8, 1, 2, 17, 18, 11, 12, 5, 6, 21, 
          22, 15, 16 ], 
      [ 9, 10, 3, 4, 19, 20, 13, 14, 7, 8, 1, 2, 17, 18, 11, 12, 5, 6, 21, 
          22, 15, 16 ], 
      [ 17, 18, 11, 12, 5, 6, 21, 22, 15, 16, 9, 10, 3, 4, 19, 20, 13, 14, 7, 
          8, 1, 2 ], 
      [ 17, 18, 11, 12, 5, 6, 21, 22, 15, 16, 9, 10, 3, 4, 19, 20, 13, 14, 7, 
          8, 1, 2 ], 
      [ 3, 4, 19, 20, 13, 14, 7, 8, 1, 2, 17, 18, 11, 12, 5, 6, 21, 22, 15, 
          16, 9, 10 ], 
      [ 3, 4, 19, 20, 13, 14, 7, 8, 1, 2, 17, 18, 11, 12, 5, 6, 21, 22, 15, 
          16, 9, 10 ], 
      [ 11, 12, 5, 6, 21, 22, 15, 16, 9, 10, 3, 4, 19, 20, 13, 14, 7, 8, 1, 
          2, 17, 18 ], 
      [ 11, 12, 5, 6, 21, 22, 15, 16, 9, 10, 3, 4, 19, 20, 13, 14, 7, 8, 1, 
          2, 17, 18 ], 
      [ 19, 20, 13, 14, 7, 8, 1, 2, 17, 18, 11, 12, 5, 6, 21, 22, 15, 16, 9, 
          10, 3, 4 ], 
      [ 19, 20, 13, 14, 7, 8, 1, 2, 17, 18, 11, 12, 5, 6, 21, 22, 15, 16, 9, 
          10, 3, 4 ], 
      [ 5, 6, 21, 22, 15, 16, 9, 10, 3, 4, 19, 20, 13, 14, 7, 8, 1, 2, 17, 
          18, 11, 12 ], 
      [ 5, 6, 21, 22, 15, 16, 9, 10, 3, 4, 19, 20, 13, 14, 7, 8, 1, 2, 17, 
          18, 11, 12 ], 
      [ 13, 14, 7, 8, 1, 2, 17, 18, 11, 12, 5, 6, 21, 22, 15, 16, 9, 10, 3, 
          4, 19, 20 ], 
      [ 13, 14, 7, 8, 1, 2, 17, 18, 11, 12, 5, 6, 21, 22, 15, 16, 9, 10, 3, 
          4, 19, 20 ], 
      [ 21, 22, 15, 16, 9, 10, 3, 4, 19, 20, 13, 14, 7, 8, 1, 2, 17, 18, 11, 
          12, 5, 6 ], 
      [ 21, 22, 15, 16, 9, 10, 3, 4, 19, 20, 13, 14, 7, 8, 1, 2, 17, 18, 11, 
          12, 5, 6 ], 
      [ 7, 8, 1, 2, 17, 18, 11, 12, 5, 6, 21, 22, 15, 16, 9, 10, 3, 4, 19, 
          20, 13, 14 ], 
      [ 7, 8, 1, 2, 17, 18, 11, 12, 5, 6, 21, 22, 15, 16, 9, 10, 3, 4, 19, 
          20, 13, 14 ], 
      [ 15, 16, 9, 10, 3, 4, 19, 20, 13, 14, 7, 8, 1, 2, 17, 18, 11, 12, 5, 
          6, 21, 22 ], 
      [ 15, 16, 9, 10, 3, 4, 19, 20, 13, 14, 7, 8, 1, 2, 17, 18, 11, 12, 5, 
          6, 21, 22 ] ],
  ordFix := 2,
  ordf := 10,
  psi := GroupHomomorphismByImages( Group( 
    [ (1,2), ( 3, 4, 5, 6, 7, 8, 9,10,11,12,13) ] ), Group( 
    [ (1,2), ( 3, 4, 5, 6, 7, 8, 9,10,11,12,13) ] ), 
    [ (1,2), ( 3, 4, 5, 6, 7, 8, 9,10,11,12,13) ], 
    [ (1,2), ( 3,11, 8, 5,13,10, 7, 4,12, 9, 6) ] ) ),
# No.9
rec(
  G := Group( [ (1,2), ( 3, 4, 5, 6, 7, 8, 9,10,11,12,13) ] ),
  isConnected := false,
  matrix := 
   [ [ 1, 2, 19, 20, 15, 16, 11, 12, 7, 8, 3, 4, 21, 22, 17, 18, 13, 14, 9, 
          10, 5, 6 ], 
      [ 1, 2, 19, 20, 15, 16, 11, 12, 7, 8, 3, 4, 21, 22, 17, 18, 13, 14, 9, 
          10, 5, 6 ], 
      [ 7, 8, 3, 4, 21, 22, 17, 18, 13, 14, 9, 10, 5, 6, 1, 2, 19, 20, 15, 
          16, 11, 12 ], 
      [ 7, 8, 3, 4, 21, 22, 17, 18, 13, 14, 9, 10, 5, 6, 1, 2, 19, 20, 15, 
          16, 11, 12 ], 
      [ 13, 14, 9, 10, 5, 6, 1, 2, 19, 20, 15, 16, 11, 12, 7, 8, 3, 4, 21, 
          22, 17, 18 ], 
      [ 13, 14, 9, 10, 5, 6, 1, 2, 19, 20, 15, 16, 11, 12, 7, 8, 3, 4, 21, 
          22, 17, 18 ], 
      [ 19, 20, 15, 16, 11, 12, 7, 8, 3, 4, 21, 22, 17, 18, 13, 14, 9, 10, 5, 
          6, 1, 2 ], 
      [ 19, 20, 15, 16, 11, 12, 7, 8, 3, 4, 21, 22, 17, 18, 13, 14, 9, 10, 5, 
          6, 1, 2 ], 
      [ 3, 4, 21, 22, 17, 18, 13, 14, 9, 10, 5, 6, 1, 2, 19, 20, 15, 16, 11, 
          12, 7, 8 ], 
      [ 3, 4, 21, 22, 17, 18, 13, 14, 9, 10, 5, 6, 1, 2, 19, 20, 15, 16, 11, 
          12, 7, 8 ], 
      [ 9, 10, 5, 6, 1, 2, 19, 20, 15, 16, 11, 12, 7, 8, 3, 4, 21, 22, 17, 
          18, 13, 14 ], 
      [ 9, 10, 5, 6, 1, 2, 19, 20, 15, 16, 11, 12, 7, 8, 3, 4, 21, 22, 17, 
          18, 13, 14 ], 
      [ 15, 16, 11, 12, 7, 8, 3, 4, 21, 22, 17, 18, 13, 14, 9, 10, 5, 6, 1, 
          2, 19, 20 ], 
      [ 15, 16, 11, 12, 7, 8, 3, 4, 21, 22, 17, 18, 13, 14, 9, 10, 5, 6, 1, 
          2, 19, 20 ], 
      [ 21, 22, 17, 18, 13, 14, 9, 10, 5, 6, 1, 2, 19, 20, 15, 16, 11, 12, 7, 
          8, 3, 4 ], 
      [ 21, 22, 17, 18, 13, 14, 9, 10, 5, 6, 1, 2, 19, 20, 15, 16, 11, 12, 7, 
          8, 3, 4 ], 
      [ 5, 6, 1, 2, 19, 20, 15, 16, 11, 12, 7, 8, 3, 4, 21, 22, 17, 18, 13, 
          14, 9, 10 ], 
      [ 5, 6, 1, 2, 19, 20, 15, 16, 11, 12, 7, 8, 3, 4, 21, 22, 17, 18, 13, 
          14, 9, 10 ], 
      [ 11, 12, 7, 8, 3, 4, 21, 22, 17, 18, 13, 14, 9, 10, 5, 6, 1, 2, 19, 
          20, 15, 16 ], 
      [ 11, 12, 7, 8, 3, 4, 21, 22, 17, 18, 13, 14, 9, 10, 5, 6, 1, 2, 19, 
          20, 15, 16 ], 
      [ 17, 18, 13, 14, 9, 10, 5, 6, 1, 2, 19, 20, 15, 16, 11, 12, 7, 8, 3, 
          4, 21, 22 ], 
      [ 17, 18, 13, 14, 9, 10, 5, 6, 1, 2, 19, 20, 15, 16, 11, 12, 7, 8, 3, 
          4, 21, 22 ] ],
  ordFix := 2,
  ordf := 5,
  psi := GroupHomomorphismByImages( Group( 
    [ (1,2), ( 3, 4, 5, 6, 7, 8, 9,10,11,12,13) ] ), Group( 
    [ (1,2), ( 3, 4, 5, 6, 7, 8, 9,10,11,12,13) ] ), 
    [ (1,2), ( 3, 4, 5, 6, 7, 8, 9,10,11,12,13) ], 
    [ (1,2), ( 3,12,10, 8, 6, 4,13,11, 9, 7, 5) ] ) ),
# No.10
rec(
  G := Group( [ (1,2), ( 3, 4, 5, 6, 7, 8, 9,10,11,12,13) ] ),
  isConnected := false,
  matrix := 
   [ [ 1, 2, 21, 22, 19, 20, 17, 18, 15, 16, 13, 14, 11, 12, 9, 10, 7, 8, 5, 
          6, 3, 4 ], 
      [ 1, 2, 21, 22, 19, 20, 17, 18, 15, 16, 13, 14, 11, 12, 9, 10, 7, 8, 5, 
          6, 3, 4 ], 
      [ 5, 6, 3, 4, 1, 2, 21, 22, 19, 20, 17, 18, 15, 16, 13, 14, 11, 12, 9, 
          10, 7, 8 ], 
      [ 5, 6, 3, 4, 1, 2, 21, 22, 19, 20, 17, 18, 15, 16, 13, 14, 11, 12, 9, 
          10, 7, 8 ], 
      [ 9, 10, 7, 8, 5, 6, 3, 4, 1, 2, 21, 22, 19, 20, 17, 18, 15, 16, 13, 
          14, 11, 12 ], 
      [ 9, 10, 7, 8, 5, 6, 3, 4, 1, 2, 21, 22, 19, 20, 17, 18, 15, 16, 13, 
          14, 11, 12 ], 
      [ 13, 14, 11, 12, 9, 10, 7, 8, 5, 6, 3, 4, 1, 2, 21, 22, 19, 20, 17, 
          18, 15, 16 ], 
      [ 13, 14, 11, 12, 9, 10, 7, 8, 5, 6, 3, 4, 1, 2, 21, 22, 19, 20, 17, 
          18, 15, 16 ], 
      [ 17, 18, 15, 16, 13, 14, 11, 12, 9, 10, 7, 8, 5, 6, 3, 4, 1, 2, 21, 
          22, 19, 20 ], 
      [ 17, 18, 15, 16, 13, 14, 11, 12, 9, 10, 7, 8, 5, 6, 3, 4, 1, 2, 21, 
          22, 19, 20 ], 
      [ 21, 22, 19, 20, 17, 18, 15, 16, 13, 14, 11, 12, 9, 10, 7, 8, 5, 6, 3, 
          4, 1, 2 ], 
      [ 21, 22, 19, 20, 17, 18, 15, 16, 13, 14, 11, 12, 9, 10, 7, 8, 5, 6, 3, 
          4, 1, 2 ], 
      [ 3, 4, 1, 2, 21, 22, 19, 20, 17, 18, 15, 16, 13, 14, 11, 12, 9, 10, 7, 
          8, 5, 6 ], 
      [ 3, 4, 1, 2, 21, 22, 19, 20, 17, 18, 15, 16, 13, 14, 11, 12, 9, 10, 7, 
          8, 5, 6 ], 
      [ 7, 8, 5, 6, 3, 4, 1, 2, 21, 22, 19, 20, 17, 18, 15, 16, 13, 14, 11, 
          12, 9, 10 ], 
      [ 7, 8, 5, 6, 3, 4, 1, 2, 21, 22, 19, 20, 17, 18, 15, 16, 13, 14, 11, 
          12, 9, 10 ], 
      [ 11, 12, 9, 10, 7, 8, 5, 6, 3, 4, 1, 2, 21, 22, 19, 20, 17, 18, 15, 
          16, 13, 14 ], 
      [ 11, 12, 9, 10, 7, 8, 5, 6, 3, 4, 1, 2, 21, 22, 19, 20, 17, 18, 15, 
          16, 13, 14 ], 
      [ 15, 16, 13, 14, 11, 12, 9, 10, 7, 8, 5, 6, 3, 4, 1, 2, 21, 22, 19, 
          20, 17, 18 ], 
      [ 15, 16, 13, 14, 11, 12, 9, 10, 7, 8, 5, 6, 3, 4, 1, 2, 21, 22, 19, 
          20, 17, 18 ], 
      [ 19, 20, 17, 18, 15, 16, 13, 14, 11, 12, 9, 10, 7, 8, 5, 6, 3, 4, 1, 
          2, 21, 22 ], 
      [ 19, 20, 17, 18, 15, 16, 13, 14, 11, 12, 9, 10, 7, 8, 5, 6, 3, 4, 1, 
          2, 21, 22 ] ],
  ordFix := 2,
  ordf := 2,
  psi := GroupHomomorphismByImages( Group( 
    [ (1,2), ( 3, 4, 5, 6, 7, 8, 9,10,11,12,13) ] ), Group( 
    [ (1,2), ( 3, 4, 5, 6, 7, 8, 9,10,11,12,13) ] ), 
    [ (1,2), ( 3, 4, 5, 6, 7, 8, 9,10,11,12,13) ], 
    [ (1,2), ( 3,13,12,11,10, 9, 8, 7, 6, 5, 4) ] ) ),
# No.11
rec(
  G := 
   Group( [ ( 2,11)( 3,10)( 4, 9)( 5, 8)( 6, 7), 
      ( 1, 2, 3, 4, 5, 6, 7, 8, 9,10,11) ] ),
  isConnected := false,
  matrix := 
   [ [ 1, 22, 3, 2, 5, 4, 7, 6, 9, 8, 11, 10, 13, 12, 15, 14, 17, 16, 19, 18, 
          21, 20 ], 
      [ 3, 2, 5, 4, 7, 6, 9, 8, 11, 10, 13, 12, 15, 14, 17, 16, 19, 18, 21, 
          20, 1, 22 ], 
      [ 1, 22, 3, 2, 5, 4, 7, 6, 9, 8, 11, 10, 13, 12, 15, 14, 17, 16, 19, 
          18, 21, 20 ], 
      [ 3, 2, 5, 4, 7, 6, 9, 8, 11, 10, 13, 12, 15, 14, 17, 16, 19, 18, 21, 
          20, 1, 22 ], 
      [ 1, 22, 3, 2, 5, 4, 7, 6, 9, 8, 11, 10, 13, 12, 15, 14, 17, 16, 19, 
          18, 21, 20 ], 
      [ 3, 2, 5, 4, 7, 6, 9, 8, 11, 10, 13, 12, 15, 14, 17, 16, 19, 18, 21, 
          20, 1, 22 ], 
      [ 1, 22, 3, 2, 5, 4, 7, 6, 9, 8, 11, 10, 13, 12, 15, 14, 17, 16, 19, 
          18, 21, 20 ], 
      [ 3, 2, 5, 4, 7, 6, 9, 8, 11, 10, 13, 12, 15, 14, 17, 16, 19, 18, 21, 
          20, 1, 22 ], 
      [ 1, 22, 3, 2, 5, 4, 7, 6, 9, 8, 11, 10, 13, 12, 15, 14, 17, 16, 19, 
          18, 21, 20 ], 
      [ 3, 2, 5, 4, 7, 6, 9, 8, 11, 10, 13, 12, 15, 14, 17, 16, 19, 18, 21, 
          20, 1, 22 ], 
      [ 1, 22, 3, 2, 5, 4, 7, 6, 9, 8, 11, 10, 13, 12, 15, 14, 17, 16, 19, 
          18, 21, 20 ], 
      [ 3, 2, 5, 4, 7, 6, 9, 8, 11, 10, 13, 12, 15, 14, 17, 16, 19, 18, 21, 
          20, 1, 22 ], 
      [ 1, 22, 3, 2, 5, 4, 7, 6, 9, 8, 11, 10, 13, 12, 15, 14, 17, 16, 19, 
          18, 21, 20 ], 
      [ 3, 2, 5, 4, 7, 6, 9, 8, 11, 10, 13, 12, 15, 14, 17, 16, 19, 18, 21, 
          20, 1, 22 ], 
      [ 1, 22, 3, 2, 5, 4, 7, 6, 9, 8, 11, 10, 13, 12, 15, 14, 17, 16, 19, 
          18, 21, 20 ], 
      [ 3, 2, 5, 4, 7, 6, 9, 8, 11, 10, 13, 12, 15, 14, 17, 16, 19, 18, 21, 
          20, 1, 22 ], 
      [ 1, 22, 3, 2, 5, 4, 7, 6, 9, 8, 11, 10, 13, 12, 15, 14, 17, 16, 19, 
          18, 21, 20 ], 
      [ 3, 2, 5, 4, 7, 6, 9, 8, 11, 10, 13, 12, 15, 14, 17, 16, 19, 18, 21, 
          20, 1, 22 ], 
      [ 1, 22, 3, 2, 5, 4, 7, 6, 9, 8, 11, 10, 13, 12, 15, 14, 17, 16, 19, 
          18, 21, 20 ], 
      [ 3, 2, 5, 4, 7, 6, 9, 8, 11, 10, 13, 12, 15, 14, 17, 16, 19, 18, 21, 
          20, 1, 22 ], 
      [ 1, 22, 3, 2, 5, 4, 7, 6, 9, 8, 11, 10, 13, 12, 15, 14, 17, 16, 19, 
          18, 21, 20 ], 
      [ 3, 2, 5, 4, 7, 6, 9, 8, 11, 10, 13, 12, 15, 14, 17, 16, 19, 18, 21, 
          20, 1, 22 ] ],
  ordFix := 11,
  ordf := 11,
  psi := GroupGeneralMappingByImages( Group( 
    [ ( 2,11)( 3,10)( 4, 9)( 5, 8)( 6, 7), ( 1, 2, 3, 4, 5, 6, 7, 8, 9,10,11) 
     ] ), Group( [ ( 2,11)( 3,10)( 4, 9)( 5, 8)( 6, 7), 
      ( 1, 2, 3, 4, 5, 6, 7, 8, 9,10,11) ] ), 
    [ ( 2,11)( 3,10)( 4, 9)( 5, 8)( 6, 7), ( 1, 2, 3, 4, 5, 6, 7, 8, 9,10,11) 
     ], [ ( 1,11)( 2,10)( 3, 9)( 4, 8)( 5, 7), 
      ( 1, 2, 3, 4, 5, 6, 7, 8, 9,10,11) ] ) ),
]; 
### end of file ###