# 
# computed by Jin Kosaka and Hirotake Kurihara 
# using gap 4.12.2 
# 
GAQ_28 :=
[
# No.1
rec(
  G := Group( [ (1,2,3,4), ( 5, 6, 7, 8, 9,10,11) ] ),
  isConnected := false,
  matrix := 
   [ [ 1, 2, 3, 4, 5, 6, 7, 8, 9, 10, 11, 12, 13, 14, 15, 16, 17, 18, 19, 20, 
          21, 22, 23, 24, 25, 26, 27, 28 ], 
      [ 1, 2, 3, 4, 5, 6, 7, 8, 9, 10, 11, 12, 13, 14, 15, 16, 17, 18, 19, 
          20, 21, 22, 23, 24, 25, 26, 27, 28 ], 
      [ 1, 2, 3, 4, 5, 6, 7, 8, 9, 10, 11, 12, 13, 14, 15, 16, 17, 18, 19, 
          20, 21, 22, 23, 24, 25, 26, 27, 28 ], 
      [ 1, 2, 3, 4, 5, 6, 7, 8, 9, 10, 11, 12, 13, 14, 15, 16, 17, 18, 19, 
          20, 21, 22, 23, 24, 25, 26, 27, 28 ], 
      [ 1, 2, 3, 4, 5, 6, 7, 8, 9, 10, 11, 12, 13, 14, 15, 16, 17, 18, 19, 
          20, 21, 22, 23, 24, 25, 26, 27, 28 ], 
      [ 1, 2, 3, 4, 5, 6, 7, 8, 9, 10, 11, 12, 13, 14, 15, 16, 17, 18, 19, 
          20, 21, 22, 23, 24, 25, 26, 27, 28 ], 
      [ 1, 2, 3, 4, 5, 6, 7, 8, 9, 10, 11, 12, 13, 14, 15, 16, 17, 18, 19, 
          20, 21, 22, 23, 24, 25, 26, 27, 28 ], 
      [ 1, 2, 3, 4, 5, 6, 7, 8, 9, 10, 11, 12, 13, 14, 15, 16, 17, 18, 19, 
          20, 21, 22, 23, 24, 25, 26, 27, 28 ], 
      [ 1, 2, 3, 4, 5, 6, 7, 8, 9, 10, 11, 12, 13, 14, 15, 16, 17, 18, 19, 
          20, 21, 22, 23, 24, 25, 26, 27, 28 ], 
      [ 1, 2, 3, 4, 5, 6, 7, 8, 9, 10, 11, 12, 13, 14, 15, 16, 17, 18, 19, 
          20, 21, 22, 23, 24, 25, 26, 27, 28 ], 
      [ 1, 2, 3, 4, 5, 6, 7, 8, 9, 10, 11, 12, 13, 14, 15, 16, 17, 18, 19, 
          20, 21, 22, 23, 24, 25, 26, 27, 28 ], 
      [ 1, 2, 3, 4, 5, 6, 7, 8, 9, 10, 11, 12, 13, 14, 15, 16, 17, 18, 19, 
          20, 21, 22, 23, 24, 25, 26, 27, 28 ], 
      [ 1, 2, 3, 4, 5, 6, 7, 8, 9, 10, 11, 12, 13, 14, 15, 16, 17, 18, 19, 
          20, 21, 22, 23, 24, 25, 26, 27, 28 ], 
      [ 1, 2, 3, 4, 5, 6, 7, 8, 9, 10, 11, 12, 13, 14, 15, 16, 17, 18, 19, 
          20, 21, 22, 23, 24, 25, 26, 27, 28 ], 
      [ 1, 2, 3, 4, 5, 6, 7, 8, 9, 10, 11, 12, 13, 14, 15, 16, 17, 18, 19, 
          20, 21, 22, 23, 24, 25, 26, 27, 28 ], 
      [ 1, 2, 3, 4, 5, 6, 7, 8, 9, 10, 11, 12, 13, 14, 15, 16, 17, 18, 19, 
          20, 21, 22, 23, 24, 25, 26, 27, 28 ], 
      [ 1, 2, 3, 4, 5, 6, 7, 8, 9, 10, 11, 12, 13, 14, 15, 16, 17, 18, 19, 
          20, 21, 22, 23, 24, 25, 26, 27, 28 ], 
      [ 1, 2, 3, 4, 5, 6, 7, 8, 9, 10, 11, 12, 13, 14, 15, 16, 17, 18, 19, 
          20, 21, 22, 23, 24, 25, 26, 27, 28 ], 
      [ 1, 2, 3, 4, 5, 6, 7, 8, 9, 10, 11, 12, 13, 14, 15, 16, 17, 18, 19, 
          20, 21, 22, 23, 24, 25, 26, 27, 28 ], 
      [ 1, 2, 3, 4, 5, 6, 7, 8, 9, 10, 11, 12, 13, 14, 15, 16, 17, 18, 19, 
          20, 21, 22, 23, 24, 25, 26, 27, 28 ], 
      [ 1, 2, 3, 4, 5, 6, 7, 8, 9, 10, 11, 12, 13, 14, 15, 16, 17, 18, 19, 
          20, 21, 22, 23, 24, 25, 26, 27, 28 ], 
      [ 1, 2, 3, 4, 5, 6, 7, 8, 9, 10, 11, 12, 13, 14, 15, 16, 17, 18, 19, 
          20, 21, 22, 23, 24, 25, 26, 27, 28 ], 
      [ 1, 2, 3, 4, 5, 6, 7, 8, 9, 10, 11, 12, 13, 14, 15, 16, 17, 18, 19, 
          20, 21, 22, 23, 24, 25, 26, 27, 28 ], 
      [ 1, 2, 3, 4, 5, 6, 7, 8, 9, 10, 11, 12, 13, 14, 15, 16, 17, 18, 19, 
          20, 21, 22, 23, 24, 25, 26, 27, 28 ], 
      [ 1, 2, 3, 4, 5, 6, 7, 8, 9, 10, 11, 12, 13, 14, 15, 16, 17, 18, 19, 
          20, 21, 22, 23, 24, 25, 26, 27, 28 ], 
      [ 1, 2, 3, 4, 5, 6, 7, 8, 9, 10, 11, 12, 13, 14, 15, 16, 17, 18, 19, 
          20, 21, 22, 23, 24, 25, 26, 27, 28 ], 
      [ 1, 2, 3, 4, 5, 6, 7, 8, 9, 10, 11, 12, 13, 14, 15, 16, 17, 18, 19, 
          20, 21, 22, 23, 24, 25, 26, 27, 28 ], 
      [ 1, 2, 3, 4, 5, 6, 7, 8, 9, 10, 11, 12, 13, 14, 15, 16, 17, 18, 19, 
          20, 21, 22, 23, 24, 25, 26, 27, 28 ] ],
  ordFix := 28,
  ordf := 1,
  psi := GroupHomomorphismByImages( Group( 
    [ (1,2,3,4), ( 5, 6, 7, 8, 9,10,11) ] ), Group( 
    [ (1,2,3,4), ( 5, 6, 7, 8, 9,10,11) ] ), 
    [ (1,2,3,4), ( 5, 6, 7, 8, 9,10,11) ], 
    [ (1,2,3,4), ( 5, 6, 7, 8, 9,10,11) ] ) ),
# No.2
rec(
  G := Group( [ (1,2,3,4), ( 5, 6, 7, 8, 9,10,11) ] ),
  isConnected := false,
  matrix := 
   [ [ 1, 6, 3, 4, 10, 2, 7, 8, 14, 5, 11, 12, 18, 9, 15, 16, 22, 13, 19, 20, 
          26, 17, 23, 24, 28, 21, 27, 25 ], 
      [ 4, 2, 8, 1, 5, 6, 12, 3, 9, 10, 16, 7, 13, 14, 20, 11, 17, 18, 24, 
          15, 21, 22, 27, 19, 25, 26, 23, 28 ], 
      [ 1, 6, 3, 4, 10, 2, 7, 8, 14, 5, 11, 12, 18, 9, 15, 16, 22, 13, 19, 
          20, 26, 17, 23, 24, 28, 21, 27, 25 ], 
      [ 1, 6, 3, 4, 10, 2, 7, 8, 14, 5, 11, 12, 18, 9, 15, 16, 22, 13, 19, 
          20, 26, 17, 23, 24, 28, 21, 27, 25 ], 
      [ 4, 2, 8, 1, 5, 6, 12, 3, 9, 10, 16, 7, 13, 14, 20, 11, 17, 18, 24, 
          15, 21, 22, 27, 19, 25, 26, 23, 28 ], 
      [ 4, 2, 8, 1, 5, 6, 12, 3, 9, 10, 16, 7, 13, 14, 20, 11, 17, 18, 24, 
          15, 21, 22, 27, 19, 25, 26, 23, 28 ], 
      [ 1, 6, 3, 4, 10, 2, 7, 8, 14, 5, 11, 12, 18, 9, 15, 16, 22, 13, 19, 
          20, 26, 17, 23, 24, 28, 21, 27, 25 ], 
      [ 1, 6, 3, 4, 10, 2, 7, 8, 14, 5, 11, 12, 18, 9, 15, 16, 22, 13, 19, 
          20, 26, 17, 23, 24, 28, 21, 27, 25 ], 
      [ 4, 2, 8, 1, 5, 6, 12, 3, 9, 10, 16, 7, 13, 14, 20, 11, 17, 18, 24, 
          15, 21, 22, 27, 19, 25, 26, 23, 28 ], 
      [ 4, 2, 8, 1, 5, 6, 12, 3, 9, 10, 16, 7, 13, 14, 20, 11, 17, 18, 24, 
          15, 21, 22, 27, 19, 25, 26, 23, 28 ], 
      [ 1, 6, 3, 4, 10, 2, 7, 8, 14, 5, 11, 12, 18, 9, 15, 16, 22, 13, 19, 
          20, 26, 17, 23, 24, 28, 21, 27, 25 ], 
      [ 1, 6, 3, 4, 10, 2, 7, 8, 14, 5, 11, 12, 18, 9, 15, 16, 22, 13, 19, 
          20, 26, 17, 23, 24, 28, 21, 27, 25 ], 
      [ 4, 2, 8, 1, 5, 6, 12, 3, 9, 10, 16, 7, 13, 14, 20, 11, 17, 18, 24, 
          15, 21, 22, 27, 19, 25, 26, 23, 28 ], 
      [ 4, 2, 8, 1, 5, 6, 12, 3, 9, 10, 16, 7, 13, 14, 20, 11, 17, 18, 24, 
          15, 21, 22, 27, 19, 25, 26, 23, 28 ], 
      [ 1, 6, 3, 4, 10, 2, 7, 8, 14, 5, 11, 12, 18, 9, 15, 16, 22, 13, 19, 
          20, 26, 17, 23, 24, 28, 21, 27, 25 ], 
      [ 1, 6, 3, 4, 10, 2, 7, 8, 14, 5, 11, 12, 18, 9, 15, 16, 22, 13, 19, 
          20, 26, 17, 23, 24, 28, 21, 27, 25 ], 
      [ 4, 2, 8, 1, 5, 6, 12, 3, 9, 10, 16, 7, 13, 14, 20, 11, 17, 18, 24, 
          15, 21, 22, 27, 19, 25, 26, 23, 28 ], 
      [ 4, 2, 8, 1, 5, 6, 12, 3, 9, 10, 16, 7, 13, 14, 20, 11, 17, 18, 24, 
          15, 21, 22, 27, 19, 25, 26, 23, 28 ], 
      [ 1, 6, 3, 4, 10, 2, 7, 8, 14, 5, 11, 12, 18, 9, 15, 16, 22, 13, 19, 
          20, 26, 17, 23, 24, 28, 21, 27, 25 ], 
      [ 1, 6, 3, 4, 10, 2, 7, 8, 14, 5, 11, 12, 18, 9, 15, 16, 22, 13, 19, 
          20, 26, 17, 23, 24, 28, 21, 27, 25 ], 
      [ 4, 2, 8, 1, 5, 6, 12, 3, 9, 10, 16, 7, 13, 14, 20, 11, 17, 18, 24, 
          15, 21, 22, 27, 19, 25, 26, 23, 28 ], 
      [ 4, 2, 8, 1, 5, 6, 12, 3, 9, 10, 16, 7, 13, 14, 20, 11, 17, 18, 24, 
          15, 21, 22, 27, 19, 25, 26, 23, 28 ], 
      [ 1, 6, 3, 4, 10, 2, 7, 8, 14, 5, 11, 12, 18, 9, 15, 16, 22, 13, 19, 
          20, 26, 17, 23, 24, 28, 21, 27, 25 ], 
      [ 1, 6, 3, 4, 10, 2, 7, 8, 14, 5, 11, 12, 18, 9, 15, 16, 22, 13, 19, 
          20, 26, 17, 23, 24, 28, 21, 27, 25 ], 
      [ 4, 2, 8, 1, 5, 6, 12, 3, 9, 10, 16, 7, 13, 14, 20, 11, 17, 18, 24, 
          15, 21, 22, 27, 19, 25, 26, 23, 28 ], 
      [ 4, 2, 8, 1, 5, 6, 12, 3, 9, 10, 16, 7, 13, 14, 20, 11, 17, 18, 24, 
          15, 21, 22, 27, 19, 25, 26, 23, 28 ], 
      [ 1, 6, 3, 4, 10, 2, 7, 8, 14, 5, 11, 12, 18, 9, 15, 16, 22, 13, 19, 
          20, 26, 17, 23, 24, 28, 21, 27, 25 ], 
      [ 4, 2, 8, 1, 5, 6, 12, 3, 9, 10, 16, 7, 13, 14, 20, 11, 17, 18, 24, 
          15, 21, 22, 27, 19, 25, 26, 23, 28 ] ],
  ordFix := 14,
  ordf := 2,
  psi := GroupHomomorphismByImages( Group( 
    [ (1,2,3,4), ( 5, 6, 7, 8, 9,10,11) ] ), Group( 
    [ (1,2,3,4), ( 5, 6, 7, 8, 9,10,11) ] ), 
    [ (1,2,3,4), ( 5, 6, 7, 8, 9,10,11) ], 
    [ (1,4,3,2), ( 5, 6, 7, 8, 9,10,11) ] ) ),
# No.3
rec(
  G := Group( [ (1,2), (3,4), ( 5, 6, 7, 8, 9,10,11) ] ),
  isConnected := false,
  matrix := 
   [ [ 1, 3, 5, 4, 2, 7, 9, 8, 6, 11, 13, 12, 10, 15, 17, 16, 14, 19, 21, 20, 
          18, 23, 25, 24, 22, 27, 28, 26 ], 
      [ 5, 2, 1, 9, 3, 6, 4, 13, 7, 10, 8, 17, 11, 14, 12, 21, 15, 18, 16, 
          25, 19, 22, 20, 28, 23, 26, 24, 27 ], 
      [ 2, 5, 3, 6, 1, 9, 7, 10, 4, 13, 11, 14, 8, 17, 15, 18, 12, 21, 19, 
          22, 16, 25, 23, 26, 20, 28, 27, 24 ], 
      [ 1, 3, 5, 4, 2, 7, 9, 8, 6, 11, 13, 12, 10, 15, 17, 16, 14, 19, 21, 
          20, 18, 23, 25, 24, 22, 27, 28, 26 ], 
      [ 3, 1, 2, 7, 5, 4, 6, 11, 9, 8, 10, 15, 13, 12, 14, 19, 17, 16, 18, 
          23, 21, 20, 22, 27, 25, 24, 26, 28 ], 
      [ 5, 2, 1, 9, 3, 6, 4, 13, 7, 10, 8, 17, 11, 14, 12, 21, 15, 18, 16, 
          25, 19, 22, 20, 28, 23, 26, 24, 27 ], 
      [ 2, 5, 3, 6, 1, 9, 7, 10, 4, 13, 11, 14, 8, 17, 15, 18, 12, 21, 19, 
          22, 16, 25, 23, 26, 20, 28, 27, 24 ], 
      [ 1, 3, 5, 4, 2, 7, 9, 8, 6, 11, 13, 12, 10, 15, 17, 16, 14, 19, 21, 
          20, 18, 23, 25, 24, 22, 27, 28, 26 ], 
      [ 3, 1, 2, 7, 5, 4, 6, 11, 9, 8, 10, 15, 13, 12, 14, 19, 17, 16, 18, 
          23, 21, 20, 22, 27, 25, 24, 26, 28 ], 
      [ 5, 2, 1, 9, 3, 6, 4, 13, 7, 10, 8, 17, 11, 14, 12, 21, 15, 18, 16, 
          25, 19, 22, 20, 28, 23, 26, 24, 27 ], 
      [ 2, 5, 3, 6, 1, 9, 7, 10, 4, 13, 11, 14, 8, 17, 15, 18, 12, 21, 19, 
          22, 16, 25, 23, 26, 20, 28, 27, 24 ], 
      [ 1, 3, 5, 4, 2, 7, 9, 8, 6, 11, 13, 12, 10, 15, 17, 16, 14, 19, 21, 
          20, 18, 23, 25, 24, 22, 27, 28, 26 ], 
      [ 3, 1, 2, 7, 5, 4, 6, 11, 9, 8, 10, 15, 13, 12, 14, 19, 17, 16, 18, 
          23, 21, 20, 22, 27, 25, 24, 26, 28 ], 
      [ 5, 2, 1, 9, 3, 6, 4, 13, 7, 10, 8, 17, 11, 14, 12, 21, 15, 18, 16, 
          25, 19, 22, 20, 28, 23, 26, 24, 27 ], 
      [ 2, 5, 3, 6, 1, 9, 7, 10, 4, 13, 11, 14, 8, 17, 15, 18, 12, 21, 19, 
          22, 16, 25, 23, 26, 20, 28, 27, 24 ], 
      [ 1, 3, 5, 4, 2, 7, 9, 8, 6, 11, 13, 12, 10, 15, 17, 16, 14, 19, 21, 
          20, 18, 23, 25, 24, 22, 27, 28, 26 ], 
      [ 3, 1, 2, 7, 5, 4, 6, 11, 9, 8, 10, 15, 13, 12, 14, 19, 17, 16, 18, 
          23, 21, 20, 22, 27, 25, 24, 26, 28 ], 
      [ 5, 2, 1, 9, 3, 6, 4, 13, 7, 10, 8, 17, 11, 14, 12, 21, 15, 18, 16, 
          25, 19, 22, 20, 28, 23, 26, 24, 27 ], 
      [ 2, 5, 3, 6, 1, 9, 7, 10, 4, 13, 11, 14, 8, 17, 15, 18, 12, 21, 19, 
          22, 16, 25, 23, 26, 20, 28, 27, 24 ], 
      [ 1, 3, 5, 4, 2, 7, 9, 8, 6, 11, 13, 12, 10, 15, 17, 16, 14, 19, 21, 
          20, 18, 23, 25, 24, 22, 27, 28, 26 ], 
      [ 3, 1, 2, 7, 5, 4, 6, 11, 9, 8, 10, 15, 13, 12, 14, 19, 17, 16, 18, 
          23, 21, 20, 22, 27, 25, 24, 26, 28 ], 
      [ 5, 2, 1, 9, 3, 6, 4, 13, 7, 10, 8, 17, 11, 14, 12, 21, 15, 18, 16, 
          25, 19, 22, 20, 28, 23, 26, 24, 27 ], 
      [ 2, 5, 3, 6, 1, 9, 7, 10, 4, 13, 11, 14, 8, 17, 15, 18, 12, 21, 19, 
          22, 16, 25, 23, 26, 20, 28, 27, 24 ], 
      [ 1, 3, 5, 4, 2, 7, 9, 8, 6, 11, 13, 12, 10, 15, 17, 16, 14, 19, 21, 
          20, 18, 23, 25, 24, 22, 27, 28, 26 ], 
      [ 3, 1, 2, 7, 5, 4, 6, 11, 9, 8, 10, 15, 13, 12, 14, 19, 17, 16, 18, 
          23, 21, 20, 22, 27, 25, 24, 26, 28 ], 
      [ 5, 2, 1, 9, 3, 6, 4, 13, 7, 10, 8, 17, 11, 14, 12, 21, 15, 18, 16, 
          25, 19, 22, 20, 28, 23, 26, 24, 27 ], 
      [ 2, 5, 3, 6, 1, 9, 7, 10, 4, 13, 11, 14, 8, 17, 15, 18, 12, 21, 19, 
          22, 16, 25, 23, 26, 20, 28, 27, 24 ], 
      [ 3, 1, 2, 7, 5, 4, 6, 11, 9, 8, 10, 15, 13, 12, 14, 19, 17, 16, 18, 
          23, 21, 20, 22, 27, 25, 24, 26, 28 ] ],
  ordFix := 7,
  ordf := 3,
  psi := GroupHomomorphismByImages( Group( 
    [ (1,2), (3,4), ( 5, 6, 7, 8, 9,10,11) ] ), Group( 
    [ (1,2), (3,4), ( 5, 6, 7, 8, 9,10,11) ] ), 
    [ (1,2), (3,4), ( 5, 6, 7, 8, 9,10,11) ], 
    [ (1,2)(3,4), (1,2), ( 5, 6, 7, 8, 9,10,11) ] ) ),
# No.4
rec(
  G := Group( [ (1,2,3,4), ( 5, 6, 7, 8, 9,10,11) ] ),
  isConnected := false,
  matrix := 
   [ [ 1, 2, 7, 4, 9, 6, 15, 12, 17, 14, 23, 20, 25, 22, 3, 27, 5, 28, 11, 8, 
          13, 10, 19, 16, 21, 18, 24, 26 ], 
      [ 1, 2, 7, 4, 9, 6, 15, 12, 17, 14, 23, 20, 25, 22, 3, 27, 5, 28, 11, 
          8, 13, 10, 19, 16, 21, 18, 24, 26 ], 
      [ 23, 25, 3, 27, 5, 28, 11, 8, 13, 10, 19, 16, 21, 18, 1, 24, 2, 26, 7, 
          4, 9, 6, 15, 12, 17, 14, 20, 22 ], 
      [ 1, 2, 7, 4, 9, 6, 15, 12, 17, 14, 23, 20, 25, 22, 3, 27, 5, 28, 11, 
          8, 13, 10, 19, 16, 21, 18, 24, 26 ], 
      [ 23, 25, 3, 27, 5, 28, 11, 8, 13, 10, 19, 16, 21, 18, 1, 24, 2, 26, 7, 
          4, 9, 6, 15, 12, 17, 14, 20, 22 ], 
      [ 1, 2, 7, 4, 9, 6, 15, 12, 17, 14, 23, 20, 25, 22, 3, 27, 5, 28, 11, 
          8, 13, 10, 19, 16, 21, 18, 24, 26 ], 
      [ 19, 21, 1, 24, 2, 26, 7, 4, 9, 6, 15, 12, 17, 14, 23, 20, 25, 22, 3, 
          27, 5, 28, 11, 8, 13, 10, 16, 18 ], 
      [ 23, 25, 3, 27, 5, 28, 11, 8, 13, 10, 19, 16, 21, 18, 1, 24, 2, 26, 7, 
          4, 9, 6, 15, 12, 17, 14, 20, 22 ], 
      [ 19, 21, 1, 24, 2, 26, 7, 4, 9, 6, 15, 12, 17, 14, 23, 20, 25, 22, 3, 
          27, 5, 28, 11, 8, 13, 10, 16, 18 ], 
      [ 23, 25, 3, 27, 5, 28, 11, 8, 13, 10, 19, 16, 21, 18, 1, 24, 2, 26, 7, 
          4, 9, 6, 15, 12, 17, 14, 20, 22 ], 
      [ 15, 17, 23, 20, 25, 22, 3, 27, 5, 28, 11, 8, 13, 10, 19, 16, 21, 18, 
          1, 24, 2, 26, 7, 4, 9, 6, 12, 14 ], 
      [ 19, 21, 1, 24, 2, 26, 7, 4, 9, 6, 15, 12, 17, 14, 23, 20, 25, 22, 3, 
          27, 5, 28, 11, 8, 13, 10, 16, 18 ], 
      [ 15, 17, 23, 20, 25, 22, 3, 27, 5, 28, 11, 8, 13, 10, 19, 16, 21, 18, 
          1, 24, 2, 26, 7, 4, 9, 6, 12, 14 ], 
      [ 19, 21, 1, 24, 2, 26, 7, 4, 9, 6, 15, 12, 17, 14, 23, 20, 25, 22, 3, 
          27, 5, 28, 11, 8, 13, 10, 16, 18 ], 
      [ 11, 13, 19, 16, 21, 18, 1, 24, 2, 26, 7, 4, 9, 6, 15, 12, 17, 14, 23, 
          20, 25, 22, 3, 27, 5, 28, 8, 10 ], 
      [ 15, 17, 23, 20, 25, 22, 3, 27, 5, 28, 11, 8, 13, 10, 19, 16, 21, 18, 
          1, 24, 2, 26, 7, 4, 9, 6, 12, 14 ], 
      [ 11, 13, 19, 16, 21, 18, 1, 24, 2, 26, 7, 4, 9, 6, 15, 12, 17, 14, 23, 
          20, 25, 22, 3, 27, 5, 28, 8, 10 ], 
      [ 15, 17, 23, 20, 25, 22, 3, 27, 5, 28, 11, 8, 13, 10, 19, 16, 21, 18, 
          1, 24, 2, 26, 7, 4, 9, 6, 12, 14 ], 
      [ 7, 9, 15, 12, 17, 14, 23, 20, 25, 22, 3, 27, 5, 28, 11, 8, 13, 10, 
          19, 16, 21, 18, 1, 24, 2, 26, 4, 6 ], 
      [ 11, 13, 19, 16, 21, 18, 1, 24, 2, 26, 7, 4, 9, 6, 15, 12, 17, 14, 23, 
          20, 25, 22, 3, 27, 5, 28, 8, 10 ], 
      [ 7, 9, 15, 12, 17, 14, 23, 20, 25, 22, 3, 27, 5, 28, 11, 8, 13, 10, 
          19, 16, 21, 18, 1, 24, 2, 26, 4, 6 ], 
      [ 11, 13, 19, 16, 21, 18, 1, 24, 2, 26, 7, 4, 9, 6, 15, 12, 17, 14, 23, 
          20, 25, 22, 3, 27, 5, 28, 8, 10 ], 
      [ 3, 5, 11, 8, 13, 10, 19, 16, 21, 18, 1, 24, 2, 26, 7, 4, 9, 6, 15, 
          12, 17, 14, 23, 20, 25, 22, 27, 28 ], 
      [ 7, 9, 15, 12, 17, 14, 23, 20, 25, 22, 3, 27, 5, 28, 11, 8, 13, 10, 
          19, 16, 21, 18, 1, 24, 2, 26, 4, 6 ], 
      [ 3, 5, 11, 8, 13, 10, 19, 16, 21, 18, 1, 24, 2, 26, 7, 4, 9, 6, 15, 
          12, 17, 14, 23, 20, 25, 22, 27, 28 ], 
      [ 7, 9, 15, 12, 17, 14, 23, 20, 25, 22, 3, 27, 5, 28, 11, 8, 13, 10, 
          19, 16, 21, 18, 1, 24, 2, 26, 4, 6 ], 
      [ 3, 5, 11, 8, 13, 10, 19, 16, 21, 18, 1, 24, 2, 26, 7, 4, 9, 6, 15, 
          12, 17, 14, 23, 20, 25, 22, 27, 28 ], 
      [ 3, 5, 11, 8, 13, 10, 19, 16, 21, 18, 1, 24, 2, 26, 7, 4, 9, 6, 15, 
          12, 17, 14, 23, 20, 25, 22, 27, 28 ] ],
  ordFix := 4,
  ordf := 3,
  psi := GroupHomomorphismByImages( Group( 
    [ (1,2,3,4), ( 5, 6, 7, 8, 9,10,11) ] ), Group( 
    [ (1,2,3,4), ( 5, 6, 7, 8, 9,10,11) ] ), 
    [ (1,2,3,4), ( 5, 6, 7, 8, 9,10,11) ], 
    [ (1,2,3,4), ( 5, 7, 9,11, 6, 8,10) ] ) ),
# No.5
rec(
  G := Group( [ (1,2,3,4), ( 5, 6, 7, 8, 9,10,11) ] ),
  isConnected := false,
  matrix := 
   [ [ 1, 2, 11, 4, 13, 6, 23, 16, 25, 18, 7, 27, 9, 28, 19, 12, 21, 14, 3, 
          24, 5, 26, 15, 8, 17, 10, 20, 22 ], 
      [ 1, 2, 11, 4, 13, 6, 23, 16, 25, 18, 7, 27, 9, 28, 19, 12, 21, 14, 3, 
          24, 5, 26, 15, 8, 17, 10, 20, 22 ], 
      [ 19, 21, 3, 24, 5, 26, 15, 8, 17, 10, 1, 20, 2, 22, 11, 4, 13, 6, 23, 
          16, 25, 18, 7, 27, 9, 28, 12, 14 ], 
      [ 1, 2, 11, 4, 13, 6, 23, 16, 25, 18, 7, 27, 9, 28, 19, 12, 21, 14, 3, 
          24, 5, 26, 15, 8, 17, 10, 20, 22 ], 
      [ 19, 21, 3, 24, 5, 26, 15, 8, 17, 10, 1, 20, 2, 22, 11, 4, 13, 6, 23, 
          16, 25, 18, 7, 27, 9, 28, 12, 14 ], 
      [ 1, 2, 11, 4, 13, 6, 23, 16, 25, 18, 7, 27, 9, 28, 19, 12, 21, 14, 3, 
          24, 5, 26, 15, 8, 17, 10, 20, 22 ], 
      [ 11, 13, 23, 16, 25, 18, 7, 27, 9, 28, 19, 12, 21, 14, 3, 24, 5, 26, 
          15, 8, 17, 10, 1, 20, 2, 22, 4, 6 ], 
      [ 19, 21, 3, 24, 5, 26, 15, 8, 17, 10, 1, 20, 2, 22, 11, 4, 13, 6, 23, 
          16, 25, 18, 7, 27, 9, 28, 12, 14 ], 
      [ 11, 13, 23, 16, 25, 18, 7, 27, 9, 28, 19, 12, 21, 14, 3, 24, 5, 26, 
          15, 8, 17, 10, 1, 20, 2, 22, 4, 6 ], 
      [ 19, 21, 3, 24, 5, 26, 15, 8, 17, 10, 1, 20, 2, 22, 11, 4, 13, 6, 23, 
          16, 25, 18, 7, 27, 9, 28, 12, 14 ], 
      [ 3, 5, 15, 8, 17, 10, 1, 20, 2, 22, 11, 4, 13, 6, 23, 16, 25, 18, 7, 
          27, 9, 28, 19, 12, 21, 14, 24, 26 ], 
      [ 11, 13, 23, 16, 25, 18, 7, 27, 9, 28, 19, 12, 21, 14, 3, 24, 5, 26, 
          15, 8, 17, 10, 1, 20, 2, 22, 4, 6 ], 
      [ 3, 5, 15, 8, 17, 10, 1, 20, 2, 22, 11, 4, 13, 6, 23, 16, 25, 18, 7, 
          27, 9, 28, 19, 12, 21, 14, 24, 26 ], 
      [ 11, 13, 23, 16, 25, 18, 7, 27, 9, 28, 19, 12, 21, 14, 3, 24, 5, 26, 
          15, 8, 17, 10, 1, 20, 2, 22, 4, 6 ], 
      [ 23, 25, 7, 27, 9, 28, 19, 12, 21, 14, 3, 24, 5, 26, 15, 8, 17, 10, 1, 
          20, 2, 22, 11, 4, 13, 6, 16, 18 ], 
      [ 3, 5, 15, 8, 17, 10, 1, 20, 2, 22, 11, 4, 13, 6, 23, 16, 25, 18, 7, 
          27, 9, 28, 19, 12, 21, 14, 24, 26 ], 
      [ 23, 25, 7, 27, 9, 28, 19, 12, 21, 14, 3, 24, 5, 26, 15, 8, 17, 10, 1, 
          20, 2, 22, 11, 4, 13, 6, 16, 18 ], 
      [ 3, 5, 15, 8, 17, 10, 1, 20, 2, 22, 11, 4, 13, 6, 23, 16, 25, 18, 7, 
          27, 9, 28, 19, 12, 21, 14, 24, 26 ], 
      [ 15, 17, 1, 20, 2, 22, 11, 4, 13, 6, 23, 16, 25, 18, 7, 27, 9, 28, 19, 
          12, 21, 14, 3, 24, 5, 26, 8, 10 ], 
      [ 23, 25, 7, 27, 9, 28, 19, 12, 21, 14, 3, 24, 5, 26, 15, 8, 17, 10, 1, 
          20, 2, 22, 11, 4, 13, 6, 16, 18 ], 
      [ 15, 17, 1, 20, 2, 22, 11, 4, 13, 6, 23, 16, 25, 18, 7, 27, 9, 28, 19, 
          12, 21, 14, 3, 24, 5, 26, 8, 10 ], 
      [ 23, 25, 7, 27, 9, 28, 19, 12, 21, 14, 3, 24, 5, 26, 15, 8, 17, 10, 1, 
          20, 2, 22, 11, 4, 13, 6, 16, 18 ], 
      [ 7, 9, 19, 12, 21, 14, 3, 24, 5, 26, 15, 8, 17, 10, 1, 20, 2, 22, 11, 
          4, 13, 6, 23, 16, 25, 18, 27, 28 ], 
      [ 15, 17, 1, 20, 2, 22, 11, 4, 13, 6, 23, 16, 25, 18, 7, 27, 9, 28, 19, 
          12, 21, 14, 3, 24, 5, 26, 8, 10 ], 
      [ 7, 9, 19, 12, 21, 14, 3, 24, 5, 26, 15, 8, 17, 10, 1, 20, 2, 22, 11, 
          4, 13, 6, 23, 16, 25, 18, 27, 28 ], 
      [ 15, 17, 1, 20, 2, 22, 11, 4, 13, 6, 23, 16, 25, 18, 7, 27, 9, 28, 19, 
          12, 21, 14, 3, 24, 5, 26, 8, 10 ], 
      [ 7, 9, 19, 12, 21, 14, 3, 24, 5, 26, 15, 8, 17, 10, 1, 20, 2, 22, 11, 
          4, 13, 6, 23, 16, 25, 18, 27, 28 ], 
      [ 7, 9, 19, 12, 21, 14, 3, 24, 5, 26, 15, 8, 17, 10, 1, 20, 2, 22, 11, 
          4, 13, 6, 23, 16, 25, 18, 27, 28 ] ],
  ordFix := 4,
  ordf := 6,
  psi := GroupHomomorphismByImages( Group( 
    [ (1,2,3,4), ( 5, 6, 7, 8, 9,10,11) ] ), Group( 
    [ (1,2,3,4), ( 5, 6, 7, 8, 9,10,11) ] ), 
    [ (1,2,3,4), ( 5, 6, 7, 8, 9,10,11) ], 
    [ (1,2,3,4), ( 5, 8,11, 7,10, 6, 9) ] ) ),
# No.6
rec(
  G := Group( [ (1,2,3,4), ( 5, 6, 7, 8, 9,10,11) ] ),
  isConnected := false,
  matrix := 
   [ [ 1, 2, 15, 4, 17, 6, 3, 20, 5, 22, 19, 8, 21, 10, 7, 24, 9, 26, 23, 12, 
          25, 14, 11, 27, 13, 28, 16, 18 ], 
      [ 1, 2, 15, 4, 17, 6, 3, 20, 5, 22, 19, 8, 21, 10, 7, 24, 9, 26, 23, 
          12, 25, 14, 11, 27, 13, 28, 16, 18 ], 
      [ 15, 17, 3, 20, 5, 22, 19, 8, 21, 10, 7, 24, 9, 26, 23, 12, 25, 14, 
          11, 27, 13, 28, 1, 16, 2, 18, 4, 6 ], 
      [ 1, 2, 15, 4, 17, 6, 3, 20, 5, 22, 19, 8, 21, 10, 7, 24, 9, 26, 23, 
          12, 25, 14, 11, 27, 13, 28, 16, 18 ], 
      [ 15, 17, 3, 20, 5, 22, 19, 8, 21, 10, 7, 24, 9, 26, 23, 12, 25, 14, 
          11, 27, 13, 28, 1, 16, 2, 18, 4, 6 ], 
      [ 1, 2, 15, 4, 17, 6, 3, 20, 5, 22, 19, 8, 21, 10, 7, 24, 9, 26, 23, 
          12, 25, 14, 11, 27, 13, 28, 16, 18 ], 
      [ 3, 5, 19, 8, 21, 10, 7, 24, 9, 26, 23, 12, 25, 14, 11, 27, 13, 28, 1, 
          16, 2, 18, 15, 4, 17, 6, 20, 22 ], 
      [ 15, 17, 3, 20, 5, 22, 19, 8, 21, 10, 7, 24, 9, 26, 23, 12, 25, 14, 
          11, 27, 13, 28, 1, 16, 2, 18, 4, 6 ], 
      [ 3, 5, 19, 8, 21, 10, 7, 24, 9, 26, 23, 12, 25, 14, 11, 27, 13, 28, 1, 
          16, 2, 18, 15, 4, 17, 6, 20, 22 ], 
      [ 15, 17, 3, 20, 5, 22, 19, 8, 21, 10, 7, 24, 9, 26, 23, 12, 25, 14, 
          11, 27, 13, 28, 1, 16, 2, 18, 4, 6 ], 
      [ 19, 21, 7, 24, 9, 26, 23, 12, 25, 14, 11, 27, 13, 28, 1, 16, 2, 18, 
          15, 4, 17, 6, 3, 20, 5, 22, 8, 10 ], 
      [ 3, 5, 19, 8, 21, 10, 7, 24, 9, 26, 23, 12, 25, 14, 11, 27, 13, 28, 1, 
          16, 2, 18, 15, 4, 17, 6, 20, 22 ], 
      [ 19, 21, 7, 24, 9, 26, 23, 12, 25, 14, 11, 27, 13, 28, 1, 16, 2, 18, 
          15, 4, 17, 6, 3, 20, 5, 22, 8, 10 ], 
      [ 3, 5, 19, 8, 21, 10, 7, 24, 9, 26, 23, 12, 25, 14, 11, 27, 13, 28, 1, 
          16, 2, 18, 15, 4, 17, 6, 20, 22 ], 
      [ 7, 9, 23, 12, 25, 14, 11, 27, 13, 28, 1, 16, 2, 18, 15, 4, 17, 6, 3, 
          20, 5, 22, 19, 8, 21, 10, 24, 26 ], 
      [ 19, 21, 7, 24, 9, 26, 23, 12, 25, 14, 11, 27, 13, 28, 1, 16, 2, 18, 
          15, 4, 17, 6, 3, 20, 5, 22, 8, 10 ], 
      [ 7, 9, 23, 12, 25, 14, 11, 27, 13, 28, 1, 16, 2, 18, 15, 4, 17, 6, 3, 
          20, 5, 22, 19, 8, 21, 10, 24, 26 ], 
      [ 19, 21, 7, 24, 9, 26, 23, 12, 25, 14, 11, 27, 13, 28, 1, 16, 2, 18, 
          15, 4, 17, 6, 3, 20, 5, 22, 8, 10 ], 
      [ 23, 25, 11, 27, 13, 28, 1, 16, 2, 18, 15, 4, 17, 6, 3, 20, 5, 22, 19, 
          8, 21, 10, 7, 24, 9, 26, 12, 14 ], 
      [ 7, 9, 23, 12, 25, 14, 11, 27, 13, 28, 1, 16, 2, 18, 15, 4, 17, 6, 3, 
          20, 5, 22, 19, 8, 21, 10, 24, 26 ], 
      [ 23, 25, 11, 27, 13, 28, 1, 16, 2, 18, 15, 4, 17, 6, 3, 20, 5, 22, 19, 
          8, 21, 10, 7, 24, 9, 26, 12, 14 ], 
      [ 7, 9, 23, 12, 25, 14, 11, 27, 13, 28, 1, 16, 2, 18, 15, 4, 17, 6, 3, 
          20, 5, 22, 19, 8, 21, 10, 24, 26 ], 
      [ 11, 13, 1, 16, 2, 18, 15, 4, 17, 6, 3, 20, 5, 22, 19, 8, 21, 10, 7, 
          24, 9, 26, 23, 12, 25, 14, 27, 28 ], 
      [ 23, 25, 11, 27, 13, 28, 1, 16, 2, 18, 15, 4, 17, 6, 3, 20, 5, 22, 19, 
          8, 21, 10, 7, 24, 9, 26, 12, 14 ], 
      [ 11, 13, 1, 16, 2, 18, 15, 4, 17, 6, 3, 20, 5, 22, 19, 8, 21, 10, 7, 
          24, 9, 26, 23, 12, 25, 14, 27, 28 ], 
      [ 23, 25, 11, 27, 13, 28, 1, 16, 2, 18, 15, 4, 17, 6, 3, 20, 5, 22, 19, 
          8, 21, 10, 7, 24, 9, 26, 12, 14 ], 
      [ 11, 13, 1, 16, 2, 18, 15, 4, 17, 6, 3, 20, 5, 22, 19, 8, 21, 10, 7, 
          24, 9, 26, 23, 12, 25, 14, 27, 28 ], 
      [ 11, 13, 1, 16, 2, 18, 15, 4, 17, 6, 3, 20, 5, 22, 19, 8, 21, 10, 7, 
          24, 9, 26, 23, 12, 25, 14, 27, 28 ] ],
  ordFix := 4,
  ordf := 3,
  psi := GroupHomomorphismByImages( Group( 
    [ (1,2,3,4), ( 5, 6, 7, 8, 9,10,11) ] ), Group( 
    [ (1,2,3,4), ( 5, 6, 7, 8, 9,10,11) ] ), 
    [ (1,2,3,4), ( 5, 6, 7, 8, 9,10,11) ], 
    [ (1,2,3,4), ( 5, 9, 6,10, 7,11, 8) ] ) ),
# No.7
rec(
  G := Group( [ (1,2,3,4), ( 5, 6, 7, 8, 9,10,11) ] ),
  isConnected := false,
  matrix := 
   [ [ 1, 2, 19, 4, 21, 6, 11, 24, 13, 26, 3, 16, 5, 18, 23, 8, 25, 10, 15, 
          27, 17, 28, 7, 20, 9, 22, 12, 14 ], 
      [ 1, 2, 19, 4, 21, 6, 11, 24, 13, 26, 3, 16, 5, 18, 23, 8, 25, 10, 15, 
          27, 17, 28, 7, 20, 9, 22, 12, 14 ], 
      [ 11, 13, 3, 16, 5, 18, 23, 8, 25, 10, 15, 27, 17, 28, 7, 20, 9, 22, 1, 
          12, 2, 14, 19, 4, 21, 6, 24, 26 ], 
      [ 1, 2, 19, 4, 21, 6, 11, 24, 13, 26, 3, 16, 5, 18, 23, 8, 25, 10, 15, 
          27, 17, 28, 7, 20, 9, 22, 12, 14 ], 
      [ 11, 13, 3, 16, 5, 18, 23, 8, 25, 10, 15, 27, 17, 28, 7, 20, 9, 22, 1, 
          12, 2, 14, 19, 4, 21, 6, 24, 26 ], 
      [ 1, 2, 19, 4, 21, 6, 11, 24, 13, 26, 3, 16, 5, 18, 23, 8, 25, 10, 15, 
          27, 17, 28, 7, 20, 9, 22, 12, 14 ], 
      [ 23, 25, 15, 27, 17, 28, 7, 20, 9, 22, 1, 12, 2, 14, 19, 4, 21, 6, 11, 
          24, 13, 26, 3, 16, 5, 18, 8, 10 ], 
      [ 11, 13, 3, 16, 5, 18, 23, 8, 25, 10, 15, 27, 17, 28, 7, 20, 9, 22, 1, 
          12, 2, 14, 19, 4, 21, 6, 24, 26 ], 
      [ 23, 25, 15, 27, 17, 28, 7, 20, 9, 22, 1, 12, 2, 14, 19, 4, 21, 6, 11, 
          24, 13, 26, 3, 16, 5, 18, 8, 10 ], 
      [ 11, 13, 3, 16, 5, 18, 23, 8, 25, 10, 15, 27, 17, 28, 7, 20, 9, 22, 1, 
          12, 2, 14, 19, 4, 21, 6, 24, 26 ], 
      [ 7, 9, 1, 12, 2, 14, 19, 4, 21, 6, 11, 24, 13, 26, 3, 16, 5, 18, 23, 
          8, 25, 10, 15, 27, 17, 28, 20, 22 ], 
      [ 23, 25, 15, 27, 17, 28, 7, 20, 9, 22, 1, 12, 2, 14, 19, 4, 21, 6, 11, 
          24, 13, 26, 3, 16, 5, 18, 8, 10 ], 
      [ 7, 9, 1, 12, 2, 14, 19, 4, 21, 6, 11, 24, 13, 26, 3, 16, 5, 18, 23, 
          8, 25, 10, 15, 27, 17, 28, 20, 22 ], 
      [ 23, 25, 15, 27, 17, 28, 7, 20, 9, 22, 1, 12, 2, 14, 19, 4, 21, 6, 11, 
          24, 13, 26, 3, 16, 5, 18, 8, 10 ], 
      [ 19, 21, 11, 24, 13, 26, 3, 16, 5, 18, 23, 8, 25, 10, 15, 27, 17, 28, 
          7, 20, 9, 22, 1, 12, 2, 14, 4, 6 ], 
      [ 7, 9, 1, 12, 2, 14, 19, 4, 21, 6, 11, 24, 13, 26, 3, 16, 5, 18, 23, 
          8, 25, 10, 15, 27, 17, 28, 20, 22 ], 
      [ 19, 21, 11, 24, 13, 26, 3, 16, 5, 18, 23, 8, 25, 10, 15, 27, 17, 28, 
          7, 20, 9, 22, 1, 12, 2, 14, 4, 6 ], 
      [ 7, 9, 1, 12, 2, 14, 19, 4, 21, 6, 11, 24, 13, 26, 3, 16, 5, 18, 23, 
          8, 25, 10, 15, 27, 17, 28, 20, 22 ], 
      [ 3, 5, 23, 8, 25, 10, 15, 27, 17, 28, 7, 20, 9, 22, 1, 12, 2, 14, 19, 
          4, 21, 6, 11, 24, 13, 26, 16, 18 ], 
      [ 19, 21, 11, 24, 13, 26, 3, 16, 5, 18, 23, 8, 25, 10, 15, 27, 17, 28, 
          7, 20, 9, 22, 1, 12, 2, 14, 4, 6 ], 
      [ 3, 5, 23, 8, 25, 10, 15, 27, 17, 28, 7, 20, 9, 22, 1, 12, 2, 14, 19, 
          4, 21, 6, 11, 24, 13, 26, 16, 18 ], 
      [ 19, 21, 11, 24, 13, 26, 3, 16, 5, 18, 23, 8, 25, 10, 15, 27, 17, 28, 
          7, 20, 9, 22, 1, 12, 2, 14, 4, 6 ], 
      [ 15, 17, 7, 20, 9, 22, 1, 12, 2, 14, 19, 4, 21, 6, 11, 24, 13, 26, 3, 
          16, 5, 18, 23, 8, 25, 10, 27, 28 ], 
      [ 3, 5, 23, 8, 25, 10, 15, 27, 17, 28, 7, 20, 9, 22, 1, 12, 2, 14, 19, 
          4, 21, 6, 11, 24, 13, 26, 16, 18 ], 
      [ 15, 17, 7, 20, 9, 22, 1, 12, 2, 14, 19, 4, 21, 6, 11, 24, 13, 26, 3, 
          16, 5, 18, 23, 8, 25, 10, 27, 28 ], 
      [ 3, 5, 23, 8, 25, 10, 15, 27, 17, 28, 7, 20, 9, 22, 1, 12, 2, 14, 19, 
          4, 21, 6, 11, 24, 13, 26, 16, 18 ], 
      [ 15, 17, 7, 20, 9, 22, 1, 12, 2, 14, 19, 4, 21, 6, 11, 24, 13, 26, 3, 
          16, 5, 18, 23, 8, 25, 10, 27, 28 ], 
      [ 15, 17, 7, 20, 9, 22, 1, 12, 2, 14, 19, 4, 21, 6, 11, 24, 13, 26, 3, 
          16, 5, 18, 23, 8, 25, 10, 27, 28 ] ],
  ordFix := 4,
  ordf := 6,
  psi := GroupHomomorphismByImages( Group( 
    [ (1,2,3,4), ( 5, 6, 7, 8, 9,10,11) ] ), Group( 
    [ (1,2,3,4), ( 5, 6, 7, 8, 9,10,11) ] ), 
    [ (1,2,3,4), ( 5, 6, 7, 8, 9,10,11) ], 
    [ (1,2,3,4), ( 5,10, 8, 6,11, 9, 7) ] ) ),
# No.8
rec(
  G := Group( [ (1,2,3,4), ( 5, 6, 7, 8, 9,10,11) ] ),
  isConnected := false,
  matrix := 
   [ [ 1, 2, 23, 4, 25, 6, 19, 27, 21, 28, 15, 24, 17, 26, 11, 20, 13, 22, 7, 
          16, 9, 18, 3, 12, 5, 14, 8, 10 ], 
      [ 1, 2, 23, 4, 25, 6, 19, 27, 21, 28, 15, 24, 17, 26, 11, 20, 13, 22, 
          7, 16, 9, 18, 3, 12, 5, 14, 8, 10 ], 
      [ 7, 9, 3, 12, 5, 14, 1, 8, 2, 10, 23, 4, 25, 6, 19, 27, 21, 28, 15, 
          24, 17, 26, 11, 20, 13, 22, 16, 18 ], 
      [ 1, 2, 23, 4, 25, 6, 19, 27, 21, 28, 15, 24, 17, 26, 11, 20, 13, 22, 
          7, 16, 9, 18, 3, 12, 5, 14, 8, 10 ], 
      [ 7, 9, 3, 12, 5, 14, 1, 8, 2, 10, 23, 4, 25, 6, 19, 27, 21, 28, 15, 
          24, 17, 26, 11, 20, 13, 22, 16, 18 ], 
      [ 1, 2, 23, 4, 25, 6, 19, 27, 21, 28, 15, 24, 17, 26, 11, 20, 13, 22, 
          7, 16, 9, 18, 3, 12, 5, 14, 8, 10 ], 
      [ 15, 17, 11, 20, 13, 22, 7, 16, 9, 18, 3, 12, 5, 14, 1, 8, 2, 10, 23, 
          4, 25, 6, 19, 27, 21, 28, 24, 26 ], 
      [ 7, 9, 3, 12, 5, 14, 1, 8, 2, 10, 23, 4, 25, 6, 19, 27, 21, 28, 15, 
          24, 17, 26, 11, 20, 13, 22, 16, 18 ], 
      [ 15, 17, 11, 20, 13, 22, 7, 16, 9, 18, 3, 12, 5, 14, 1, 8, 2, 10, 23, 
          4, 25, 6, 19, 27, 21, 28, 24, 26 ], 
      [ 7, 9, 3, 12, 5, 14, 1, 8, 2, 10, 23, 4, 25, 6, 19, 27, 21, 28, 15, 
          24, 17, 26, 11, 20, 13, 22, 16, 18 ], 
      [ 23, 25, 19, 27, 21, 28, 15, 24, 17, 26, 11, 20, 13, 22, 7, 16, 9, 18, 
          3, 12, 5, 14, 1, 8, 2, 10, 4, 6 ], 
      [ 15, 17, 11, 20, 13, 22, 7, 16, 9, 18, 3, 12, 5, 14, 1, 8, 2, 10, 23, 
          4, 25, 6, 19, 27, 21, 28, 24, 26 ], 
      [ 23, 25, 19, 27, 21, 28, 15, 24, 17, 26, 11, 20, 13, 22, 7, 16, 9, 18, 
          3, 12, 5, 14, 1, 8, 2, 10, 4, 6 ], 
      [ 15, 17, 11, 20, 13, 22, 7, 16, 9, 18, 3, 12, 5, 14, 1, 8, 2, 10, 23, 
          4, 25, 6, 19, 27, 21, 28, 24, 26 ], 
      [ 3, 5, 1, 8, 2, 10, 23, 4, 25, 6, 19, 27, 21, 28, 15, 24, 17, 26, 11, 
          20, 13, 22, 7, 16, 9, 18, 12, 14 ], 
      [ 23, 25, 19, 27, 21, 28, 15, 24, 17, 26, 11, 20, 13, 22, 7, 16, 9, 18, 
          3, 12, 5, 14, 1, 8, 2, 10, 4, 6 ], 
      [ 3, 5, 1, 8, 2, 10, 23, 4, 25, 6, 19, 27, 21, 28, 15, 24, 17, 26, 11, 
          20, 13, 22, 7, 16, 9, 18, 12, 14 ], 
      [ 23, 25, 19, 27, 21, 28, 15, 24, 17, 26, 11, 20, 13, 22, 7, 16, 9, 18, 
          3, 12, 5, 14, 1, 8, 2, 10, 4, 6 ], 
      [ 11, 13, 7, 16, 9, 18, 3, 12, 5, 14, 1, 8, 2, 10, 23, 4, 25, 6, 19, 
          27, 21, 28, 15, 24, 17, 26, 20, 22 ], 
      [ 3, 5, 1, 8, 2, 10, 23, 4, 25, 6, 19, 27, 21, 28, 15, 24, 17, 26, 11, 
          20, 13, 22, 7, 16, 9, 18, 12, 14 ], 
      [ 11, 13, 7, 16, 9, 18, 3, 12, 5, 14, 1, 8, 2, 10, 23, 4, 25, 6, 19, 
          27, 21, 28, 15, 24, 17, 26, 20, 22 ], 
      [ 3, 5, 1, 8, 2, 10, 23, 4, 25, 6, 19, 27, 21, 28, 15, 24, 17, 26, 11, 
          20, 13, 22, 7, 16, 9, 18, 12, 14 ], 
      [ 19, 21, 15, 24, 17, 26, 11, 20, 13, 22, 7, 16, 9, 18, 3, 12, 5, 14, 
          1, 8, 2, 10, 23, 4, 25, 6, 27, 28 ], 
      [ 11, 13, 7, 16, 9, 18, 3, 12, 5, 14, 1, 8, 2, 10, 23, 4, 25, 6, 19, 
          27, 21, 28, 15, 24, 17, 26, 20, 22 ], 
      [ 19, 21, 15, 24, 17, 26, 11, 20, 13, 22, 7, 16, 9, 18, 3, 12, 5, 14, 
          1, 8, 2, 10, 23, 4, 25, 6, 27, 28 ], 
      [ 11, 13, 7, 16, 9, 18, 3, 12, 5, 14, 1, 8, 2, 10, 23, 4, 25, 6, 19, 
          27, 21, 28, 15, 24, 17, 26, 20, 22 ], 
      [ 19, 21, 15, 24, 17, 26, 11, 20, 13, 22, 7, 16, 9, 18, 3, 12, 5, 14, 
          1, 8, 2, 10, 23, 4, 25, 6, 27, 28 ], 
      [ 19, 21, 15, 24, 17, 26, 11, 20, 13, 22, 7, 16, 9, 18, 3, 12, 5, 14, 
          1, 8, 2, 10, 23, 4, 25, 6, 27, 28 ] ],
  ordFix := 4,
  ordf := 2,
  psi := GroupHomomorphismByImages( Group( 
    [ (1,2,3,4), ( 5, 6, 7, 8, 9,10,11) ] ), Group( 
    [ (1,2,3,4), ( 5, 6, 7, 8, 9,10,11) ] ), 
    [ (1,2,3,4), ( 5, 6, 7, 8, 9,10,11) ], 
    [ (1,2,3,4), ( 5,11,10, 9, 8, 7, 6) ] ) ),
# No.9
rec(
  G := Group( [ (1,2,3,4), ( 5, 6, 7, 8, 9,10,11) ] ),
  isConnected := false,
  matrix := 
   [ [ 1, 6, 7, 4, 14, 2, 15, 12, 22, 9, 23, 20, 28, 17, 3, 27, 10, 25, 11, 
          8, 18, 5, 19, 16, 26, 13, 24, 21 ], 
      [ 4, 2, 12, 1, 9, 6, 20, 7, 17, 14, 27, 15, 25, 22, 8, 23, 5, 28, 16, 
          3, 13, 10, 24, 11, 21, 18, 19, 26 ], 
      [ 23, 28, 3, 27, 10, 25, 11, 8, 18, 5, 19, 16, 26, 13, 1, 24, 6, 21, 7, 
          4, 14, 2, 15, 12, 22, 9, 20, 17 ], 
      [ 1, 6, 7, 4, 14, 2, 15, 12, 22, 9, 23, 20, 28, 17, 3, 27, 10, 25, 11, 
          8, 18, 5, 19, 16, 26, 13, 24, 21 ], 
      [ 27, 25, 8, 23, 5, 28, 16, 3, 13, 10, 24, 11, 21, 18, 4, 19, 2, 26, 
          12, 1, 9, 6, 20, 7, 17, 14, 15, 22 ], 
      [ 4, 2, 12, 1, 9, 6, 20, 7, 17, 14, 27, 15, 25, 22, 8, 23, 5, 28, 16, 
          3, 13, 10, 24, 11, 21, 18, 19, 26 ], 
      [ 19, 26, 1, 24, 6, 21, 7, 4, 14, 2, 15, 12, 22, 9, 23, 20, 28, 17, 3, 
          27, 10, 25, 11, 8, 18, 5, 16, 13 ], 
      [ 23, 28, 3, 27, 10, 25, 11, 8, 18, 5, 19, 16, 26, 13, 1, 24, 6, 21, 7, 
          4, 14, 2, 15, 12, 22, 9, 20, 17 ], 
      [ 24, 21, 4, 19, 2, 26, 12, 1, 9, 6, 20, 7, 17, 14, 27, 15, 25, 22, 8, 
          23, 5, 28, 16, 3, 13, 10, 11, 18 ], 
      [ 27, 25, 8, 23, 5, 28, 16, 3, 13, 10, 24, 11, 21, 18, 4, 19, 2, 26, 
          12, 1, 9, 6, 20, 7, 17, 14, 15, 22 ], 
      [ 15, 22, 23, 20, 28, 17, 3, 27, 10, 25, 11, 8, 18, 5, 19, 16, 26, 13, 
          1, 24, 6, 21, 7, 4, 14, 2, 12, 9 ], 
      [ 19, 26, 1, 24, 6, 21, 7, 4, 14, 2, 15, 12, 22, 9, 23, 20, 28, 17, 3, 
          27, 10, 25, 11, 8, 18, 5, 16, 13 ], 
      [ 20, 17, 27, 15, 25, 22, 8, 23, 5, 28, 16, 3, 13, 10, 24, 11, 21, 18, 
          4, 19, 2, 26, 12, 1, 9, 6, 7, 14 ], 
      [ 24, 21, 4, 19, 2, 26, 12, 1, 9, 6, 20, 7, 17, 14, 27, 15, 25, 22, 8, 
          23, 5, 28, 16, 3, 13, 10, 11, 18 ], 
      [ 11, 18, 19, 16, 26, 13, 1, 24, 6, 21, 7, 4, 14, 2, 15, 12, 22, 9, 23, 
          20, 28, 17, 3, 27, 10, 25, 8, 5 ], 
      [ 15, 22, 23, 20, 28, 17, 3, 27, 10, 25, 11, 8, 18, 5, 19, 16, 26, 13, 
          1, 24, 6, 21, 7, 4, 14, 2, 12, 9 ], 
      [ 16, 13, 24, 11, 21, 18, 4, 19, 2, 26, 12, 1, 9, 6, 20, 7, 17, 14, 27, 
          15, 25, 22, 8, 23, 5, 28, 3, 10 ], 
      [ 20, 17, 27, 15, 25, 22, 8, 23, 5, 28, 16, 3, 13, 10, 24, 11, 21, 18, 
          4, 19, 2, 26, 12, 1, 9, 6, 7, 14 ], 
      [ 7, 14, 15, 12, 22, 9, 23, 20, 28, 17, 3, 27, 10, 25, 11, 8, 18, 5, 
          19, 16, 26, 13, 1, 24, 6, 21, 4, 2 ], 
      [ 11, 18, 19, 16, 26, 13, 1, 24, 6, 21, 7, 4, 14, 2, 15, 12, 22, 9, 23, 
          20, 28, 17, 3, 27, 10, 25, 8, 5 ], 
      [ 12, 9, 20, 7, 17, 14, 27, 15, 25, 22, 8, 23, 5, 28, 16, 3, 13, 10, 
          24, 11, 21, 18, 4, 19, 2, 26, 1, 6 ], 
      [ 16, 13, 24, 11, 21, 18, 4, 19, 2, 26, 12, 1, 9, 6, 20, 7, 17, 14, 27, 
          15, 25, 22, 8, 23, 5, 28, 3, 10 ], 
      [ 3, 10, 11, 8, 18, 5, 19, 16, 26, 13, 1, 24, 6, 21, 7, 4, 14, 2, 15, 
          12, 22, 9, 23, 20, 28, 17, 27, 25 ], 
      [ 7, 14, 15, 12, 22, 9, 23, 20, 28, 17, 3, 27, 10, 25, 11, 8, 18, 5, 
          19, 16, 26, 13, 1, 24, 6, 21, 4, 2 ], 
      [ 8, 5, 16, 3, 13, 10, 24, 11, 21, 18, 4, 19, 2, 26, 12, 1, 9, 6, 20, 
          7, 17, 14, 27, 15, 25, 22, 23, 28 ], 
      [ 12, 9, 20, 7, 17, 14, 27, 15, 25, 22, 8, 23, 5, 28, 16, 3, 13, 10, 
          24, 11, 21, 18, 4, 19, 2, 26, 1, 6 ], 
      [ 3, 10, 11, 8, 18, 5, 19, 16, 26, 13, 1, 24, 6, 21, 7, 4, 14, 2, 15, 
          12, 22, 9, 23, 20, 28, 17, 27, 25 ], 
      [ 8, 5, 16, 3, 13, 10, 24, 11, 21, 18, 4, 19, 2, 26, 12, 1, 9, 6, 20, 
          7, 17, 14, 27, 15, 25, 22, 23, 28 ] ],
  ordFix := 2,
  ordf := 6,
  psi := GroupHomomorphismByImages( Group( 
    [ (1,2,3,4), ( 5, 6, 7, 8, 9,10,11) ] ), Group( 
    [ (1,2,3,4), ( 5, 6, 7, 8, 9,10,11) ] ), 
    [ (1,2,3,4), ( 5, 6, 7, 8, 9,10,11) ], 
    [ (1,4,3,2), ( 5, 7, 9,11, 6, 8,10) ] ) ),
# No.10
rec(
  G := Group( [ (1,2,3,4), ( 5, 6, 7, 8, 9,10,11) ] ),
  isConnected := false,
  matrix := 
   [ [ 1, 6, 11, 4, 18, 2, 23, 16, 28, 13, 7, 27, 14, 25, 19, 12, 26, 9, 3, 
          24, 10, 21, 15, 8, 22, 5, 20, 17 ], 
      [ 4, 2, 16, 1, 13, 6, 27, 11, 25, 18, 12, 23, 9, 28, 24, 7, 21, 14, 8, 
          19, 5, 26, 20, 3, 17, 10, 15, 22 ], 
      [ 19, 26, 3, 24, 10, 21, 15, 8, 22, 5, 1, 20, 6, 17, 11, 4, 18, 2, 23, 
          16, 28, 13, 7, 27, 14, 25, 12, 9 ], 
      [ 1, 6, 11, 4, 18, 2, 23, 16, 28, 13, 7, 27, 14, 25, 19, 12, 26, 9, 3, 
          24, 10, 21, 15, 8, 22, 5, 20, 17 ], 
      [ 24, 21, 8, 19, 5, 26, 20, 3, 17, 10, 4, 15, 2, 22, 16, 1, 13, 6, 27, 
          11, 25, 18, 12, 23, 9, 28, 7, 14 ], 
      [ 4, 2, 16, 1, 13, 6, 27, 11, 25, 18, 12, 23, 9, 28, 24, 7, 21, 14, 8, 
          19, 5, 26, 20, 3, 17, 10, 15, 22 ], 
      [ 11, 18, 23, 16, 28, 13, 7, 27, 14, 25, 19, 12, 26, 9, 3, 24, 10, 21, 
          15, 8, 22, 5, 1, 20, 6, 17, 4, 2 ], 
      [ 19, 26, 3, 24, 10, 21, 15, 8, 22, 5, 1, 20, 6, 17, 11, 4, 18, 2, 23, 
          16, 28, 13, 7, 27, 14, 25, 12, 9 ], 
      [ 16, 13, 27, 11, 25, 18, 12, 23, 9, 28, 24, 7, 21, 14, 8, 19, 5, 26, 
          20, 3, 17, 10, 4, 15, 2, 22, 1, 6 ], 
      [ 24, 21, 8, 19, 5, 26, 20, 3, 17, 10, 4, 15, 2, 22, 16, 1, 13, 6, 27, 
          11, 25, 18, 12, 23, 9, 28, 7, 14 ], 
      [ 3, 10, 15, 8, 22, 5, 1, 20, 6, 17, 11, 4, 18, 2, 23, 16, 28, 13, 7, 
          27, 14, 25, 19, 12, 26, 9, 24, 21 ], 
      [ 11, 18, 23, 16, 28, 13, 7, 27, 14, 25, 19, 12, 26, 9, 3, 24, 10, 21, 
          15, 8, 22, 5, 1, 20, 6, 17, 4, 2 ], 
      [ 8, 5, 20, 3, 17, 10, 4, 15, 2, 22, 16, 1, 13, 6, 27, 11, 25, 18, 12, 
          23, 9, 28, 24, 7, 21, 14, 19, 26 ], 
      [ 16, 13, 27, 11, 25, 18, 12, 23, 9, 28, 24, 7, 21, 14, 8, 19, 5, 26, 
          20, 3, 17, 10, 4, 15, 2, 22, 1, 6 ], 
      [ 23, 28, 7, 27, 14, 25, 19, 12, 26, 9, 3, 24, 10, 21, 15, 8, 22, 5, 1, 
          20, 6, 17, 11, 4, 18, 2, 16, 13 ], 
      [ 3, 10, 15, 8, 22, 5, 1, 20, 6, 17, 11, 4, 18, 2, 23, 16, 28, 13, 7, 
          27, 14, 25, 19, 12, 26, 9, 24, 21 ], 
      [ 27, 25, 12, 23, 9, 28, 24, 7, 21, 14, 8, 19, 5, 26, 20, 3, 17, 10, 4, 
          15, 2, 22, 16, 1, 13, 6, 11, 18 ], 
      [ 8, 5, 20, 3, 17, 10, 4, 15, 2, 22, 16, 1, 13, 6, 27, 11, 25, 18, 12, 
          23, 9, 28, 24, 7, 21, 14, 19, 26 ], 
      [ 15, 22, 1, 20, 6, 17, 11, 4, 18, 2, 23, 16, 28, 13, 7, 27, 14, 25, 
          19, 12, 26, 9, 3, 24, 10, 21, 8, 5 ], 
      [ 23, 28, 7, 27, 14, 25, 19, 12, 26, 9, 3, 24, 10, 21, 15, 8, 22, 5, 1, 
          20, 6, 17, 11, 4, 18, 2, 16, 13 ], 
      [ 20, 17, 4, 15, 2, 22, 16, 1, 13, 6, 27, 11, 25, 18, 12, 23, 9, 28, 
          24, 7, 21, 14, 8, 19, 5, 26, 3, 10 ], 
      [ 27, 25, 12, 23, 9, 28, 24, 7, 21, 14, 8, 19, 5, 26, 20, 3, 17, 10, 4, 
          15, 2, 22, 16, 1, 13, 6, 11, 18 ], 
      [ 7, 14, 19, 12, 26, 9, 3, 24, 10, 21, 15, 8, 22, 5, 1, 20, 6, 17, 11, 
          4, 18, 2, 23, 16, 28, 13, 27, 25 ], 
      [ 15, 22, 1, 20, 6, 17, 11, 4, 18, 2, 23, 16, 28, 13, 7, 27, 14, 25, 
          19, 12, 26, 9, 3, 24, 10, 21, 8, 5 ], 
      [ 12, 9, 24, 7, 21, 14, 8, 19, 5, 26, 20, 3, 17, 10, 4, 15, 2, 22, 16, 
          1, 13, 6, 27, 11, 25, 18, 23, 28 ], 
      [ 20, 17, 4, 15, 2, 22, 16, 1, 13, 6, 27, 11, 25, 18, 12, 23, 9, 28, 
          24, 7, 21, 14, 8, 19, 5, 26, 3, 10 ], 
      [ 7, 14, 19, 12, 26, 9, 3, 24, 10, 21, 15, 8, 22, 5, 1, 20, 6, 17, 11, 
          4, 18, 2, 23, 16, 28, 13, 27, 25 ], 
      [ 12, 9, 24, 7, 21, 14, 8, 19, 5, 26, 20, 3, 17, 10, 4, 15, 2, 22, 16, 
          1, 13, 6, 27, 11, 25, 18, 23, 28 ] ],
  ordFix := 2,
  ordf := 6,
  psi := GroupHomomorphismByImages( Group( 
    [ (1,2,3,4), ( 5, 6, 7, 8, 9,10,11) ] ), Group( 
    [ (1,2,3,4), ( 5, 6, 7, 8, 9,10,11) ] ), 
    [ (1,2,3,4), ( 5, 6, 7, 8, 9,10,11) ], 
    [ (1,4,3,2), ( 5, 8,11, 7,10, 6, 9) ] ) ),
# No.11
rec(
  G := Group( [ (1,2,3,4), ( 5, 6, 7, 8, 9,10,11) ] ),
  isConnected := false,
  matrix := 
   [ [ 1, 6, 15, 4, 22, 2, 3, 20, 10, 17, 19, 8, 26, 5, 7, 24, 14, 21, 23, 
          12, 28, 9, 11, 27, 18, 25, 16, 13 ], 
      [ 4, 2, 20, 1, 17, 6, 8, 15, 5, 22, 24, 3, 21, 10, 12, 19, 9, 26, 27, 
          7, 25, 14, 16, 23, 13, 28, 11, 18 ], 
      [ 15, 22, 3, 20, 10, 17, 19, 8, 26, 5, 7, 24, 14, 21, 23, 12, 28, 9, 
          11, 27, 18, 25, 1, 16, 6, 13, 4, 2 ], 
      [ 1, 6, 15, 4, 22, 2, 3, 20, 10, 17, 19, 8, 26, 5, 7, 24, 14, 21, 23, 
          12, 28, 9, 11, 27, 18, 25, 16, 13 ], 
      [ 20, 17, 8, 15, 5, 22, 24, 3, 21, 10, 12, 19, 9, 26, 27, 7, 25, 14, 
          16, 23, 13, 28, 4, 11, 2, 18, 1, 6 ], 
      [ 4, 2, 20, 1, 17, 6, 8, 15, 5, 22, 24, 3, 21, 10, 12, 19, 9, 26, 27, 
          7, 25, 14, 16, 23, 13, 28, 11, 18 ], 
      [ 3, 10, 19, 8, 26, 5, 7, 24, 14, 21, 23, 12, 28, 9, 11, 27, 18, 25, 1, 
          16, 6, 13, 15, 4, 22, 2, 20, 17 ], 
      [ 15, 22, 3, 20, 10, 17, 19, 8, 26, 5, 7, 24, 14, 21, 23, 12, 28, 9, 
          11, 27, 18, 25, 1, 16, 6, 13, 4, 2 ], 
      [ 8, 5, 24, 3, 21, 10, 12, 19, 9, 26, 27, 7, 25, 14, 16, 23, 13, 28, 4, 
          11, 2, 18, 20, 1, 17, 6, 15, 22 ], 
      [ 20, 17, 8, 15, 5, 22, 24, 3, 21, 10, 12, 19, 9, 26, 27, 7, 25, 14, 
          16, 23, 13, 28, 4, 11, 2, 18, 1, 6 ], 
      [ 19, 26, 7, 24, 14, 21, 23, 12, 28, 9, 11, 27, 18, 25, 1, 16, 6, 13, 
          15, 4, 22, 2, 3, 20, 10, 17, 8, 5 ], 
      [ 3, 10, 19, 8, 26, 5, 7, 24, 14, 21, 23, 12, 28, 9, 11, 27, 18, 25, 1, 
          16, 6, 13, 15, 4, 22, 2, 20, 17 ], 
      [ 24, 21, 12, 19, 9, 26, 27, 7, 25, 14, 16, 23, 13, 28, 4, 11, 2, 18, 
          20, 1, 17, 6, 8, 15, 5, 22, 3, 10 ], 
      [ 8, 5, 24, 3, 21, 10, 12, 19, 9, 26, 27, 7, 25, 14, 16, 23, 13, 28, 4, 
          11, 2, 18, 20, 1, 17, 6, 15, 22 ], 
      [ 7, 14, 23, 12, 28, 9, 11, 27, 18, 25, 1, 16, 6, 13, 15, 4, 22, 2, 3, 
          20, 10, 17, 19, 8, 26, 5, 24, 21 ], 
      [ 19, 26, 7, 24, 14, 21, 23, 12, 28, 9, 11, 27, 18, 25, 1, 16, 6, 13, 
          15, 4, 22, 2, 3, 20, 10, 17, 8, 5 ], 
      [ 12, 9, 27, 7, 25, 14, 16, 23, 13, 28, 4, 11, 2, 18, 20, 1, 17, 6, 8, 
          15, 5, 22, 24, 3, 21, 10, 19, 26 ], 
      [ 24, 21, 12, 19, 9, 26, 27, 7, 25, 14, 16, 23, 13, 28, 4, 11, 2, 18, 
          20, 1, 17, 6, 8, 15, 5, 22, 3, 10 ], 
      [ 23, 28, 11, 27, 18, 25, 1, 16, 6, 13, 15, 4, 22, 2, 3, 20, 10, 17, 
          19, 8, 26, 5, 7, 24, 14, 21, 12, 9 ], 
      [ 7, 14, 23, 12, 28, 9, 11, 27, 18, 25, 1, 16, 6, 13, 15, 4, 22, 2, 3, 
          20, 10, 17, 19, 8, 26, 5, 24, 21 ], 
      [ 27, 25, 16, 23, 13, 28, 4, 11, 2, 18, 20, 1, 17, 6, 8, 15, 5, 22, 24, 
          3, 21, 10, 12, 19, 9, 26, 7, 14 ], 
      [ 12, 9, 27, 7, 25, 14, 16, 23, 13, 28, 4, 11, 2, 18, 20, 1, 17, 6, 8, 
          15, 5, 22, 24, 3, 21, 10, 19, 26 ], 
      [ 11, 18, 1, 16, 6, 13, 15, 4, 22, 2, 3, 20, 10, 17, 19, 8, 26, 5, 7, 
          24, 14, 21, 23, 12, 28, 9, 27, 25 ], 
      [ 23, 28, 11, 27, 18, 25, 1, 16, 6, 13, 15, 4, 22, 2, 3, 20, 10, 17, 
          19, 8, 26, 5, 7, 24, 14, 21, 12, 9 ], 
      [ 16, 13, 4, 11, 2, 18, 20, 1, 17, 6, 8, 15, 5, 22, 24, 3, 21, 10, 12, 
          19, 9, 26, 27, 7, 25, 14, 23, 28 ], 
      [ 27, 25, 16, 23, 13, 28, 4, 11, 2, 18, 20, 1, 17, 6, 8, 15, 5, 22, 24, 
          3, 21, 10, 12, 19, 9, 26, 7, 14 ], 
      [ 11, 18, 1, 16, 6, 13, 15, 4, 22, 2, 3, 20, 10, 17, 19, 8, 26, 5, 7, 
          24, 14, 21, 23, 12, 28, 9, 27, 25 ], 
      [ 16, 13, 4, 11, 2, 18, 20, 1, 17, 6, 8, 15, 5, 22, 24, 3, 21, 10, 12, 
          19, 9, 26, 27, 7, 25, 14, 23, 28 ] ],
  ordFix := 2,
  ordf := 6,
  psi := GroupHomomorphismByImages( Group( 
    [ (1,2,3,4), ( 5, 6, 7, 8, 9,10,11) ] ), Group( 
    [ (1,2,3,4), ( 5, 6, 7, 8, 9,10,11) ] ), 
    [ (1,2,3,4), ( 5, 6, 7, 8, 9,10,11) ], 
    [ (1,4,3,2), ( 5, 9, 6,10, 7,11, 8) ] ) ),
# No.12
rec(
  G := Group( [ (1,2,3,4), ( 5, 6, 7, 8, 9,10,11) ] ),
  isConnected := false,
  matrix := 
   [ [ 1, 6, 19, 4, 26, 2, 11, 24, 18, 21, 3, 16, 10, 13, 23, 8, 28, 5, 15, 
          27, 22, 25, 7, 20, 14, 17, 12, 9 ], 
      [ 4, 2, 24, 1, 21, 6, 16, 19, 13, 26, 8, 11, 5, 18, 27, 3, 25, 10, 20, 
          23, 17, 28, 12, 15, 9, 22, 7, 14 ], 
      [ 11, 18, 3, 16, 10, 13, 23, 8, 28, 5, 15, 27, 22, 25, 7, 20, 14, 17, 
          1, 12, 6, 9, 19, 4, 26, 2, 24, 21 ], 
      [ 1, 6, 19, 4, 26, 2, 11, 24, 18, 21, 3, 16, 10, 13, 23, 8, 28, 5, 15, 
          27, 22, 25, 7, 20, 14, 17, 12, 9 ], 
      [ 16, 13, 8, 11, 5, 18, 27, 3, 25, 10, 20, 23, 17, 28, 12, 15, 9, 22, 
          4, 7, 2, 14, 24, 1, 21, 6, 19, 26 ], 
      [ 4, 2, 24, 1, 21, 6, 16, 19, 13, 26, 8, 11, 5, 18, 27, 3, 25, 10, 20, 
          23, 17, 28, 12, 15, 9, 22, 7, 14 ], 
      [ 23, 28, 15, 27, 22, 25, 7, 20, 14, 17, 1, 12, 6, 9, 19, 4, 26, 2, 11, 
          24, 18, 21, 3, 16, 10, 13, 8, 5 ], 
      [ 11, 18, 3, 16, 10, 13, 23, 8, 28, 5, 15, 27, 22, 25, 7, 20, 14, 17, 
          1, 12, 6, 9, 19, 4, 26, 2, 24, 21 ], 
      [ 27, 25, 20, 23, 17, 28, 12, 15, 9, 22, 4, 7, 2, 14, 24, 1, 21, 6, 16, 
          19, 13, 26, 8, 11, 5, 18, 3, 10 ], 
      [ 16, 13, 8, 11, 5, 18, 27, 3, 25, 10, 20, 23, 17, 28, 12, 15, 9, 22, 
          4, 7, 2, 14, 24, 1, 21, 6, 19, 26 ], 
      [ 7, 14, 1, 12, 6, 9, 19, 4, 26, 2, 11, 24, 18, 21, 3, 16, 10, 13, 23, 
          8, 28, 5, 15, 27, 22, 25, 20, 17 ], 
      [ 23, 28, 15, 27, 22, 25, 7, 20, 14, 17, 1, 12, 6, 9, 19, 4, 26, 2, 11, 
          24, 18, 21, 3, 16, 10, 13, 8, 5 ], 
      [ 12, 9, 4, 7, 2, 14, 24, 1, 21, 6, 16, 19, 13, 26, 8, 11, 5, 18, 27, 
          3, 25, 10, 20, 23, 17, 28, 15, 22 ], 
      [ 27, 25, 20, 23, 17, 28, 12, 15, 9, 22, 4, 7, 2, 14, 24, 1, 21, 6, 16, 
          19, 13, 26, 8, 11, 5, 18, 3, 10 ], 
      [ 19, 26, 11, 24, 18, 21, 3, 16, 10, 13, 23, 8, 28, 5, 15, 27, 22, 25, 
          7, 20, 14, 17, 1, 12, 6, 9, 4, 2 ], 
      [ 7, 14, 1, 12, 6, 9, 19, 4, 26, 2, 11, 24, 18, 21, 3, 16, 10, 13, 23, 
          8, 28, 5, 15, 27, 22, 25, 20, 17 ], 
      [ 24, 21, 16, 19, 13, 26, 8, 11, 5, 18, 27, 3, 25, 10, 20, 23, 17, 28, 
          12, 15, 9, 22, 4, 7, 2, 14, 1, 6 ], 
      [ 12, 9, 4, 7, 2, 14, 24, 1, 21, 6, 16, 19, 13, 26, 8, 11, 5, 18, 27, 
          3, 25, 10, 20, 23, 17, 28, 15, 22 ], 
      [ 3, 10, 23, 8, 28, 5, 15, 27, 22, 25, 7, 20, 14, 17, 1, 12, 6, 9, 19, 
          4, 26, 2, 11, 24, 18, 21, 16, 13 ], 
      [ 19, 26, 11, 24, 18, 21, 3, 16, 10, 13, 23, 8, 28, 5, 15, 27, 22, 25, 
          7, 20, 14, 17, 1, 12, 6, 9, 4, 2 ], 
      [ 8, 5, 27, 3, 25, 10, 20, 23, 17, 28, 12, 15, 9, 22, 4, 7, 2, 14, 24, 
          1, 21, 6, 16, 19, 13, 26, 11, 18 ], 
      [ 24, 21, 16, 19, 13, 26, 8, 11, 5, 18, 27, 3, 25, 10, 20, 23, 17, 28, 
          12, 15, 9, 22, 4, 7, 2, 14, 1, 6 ], 
      [ 15, 22, 7, 20, 14, 17, 1, 12, 6, 9, 19, 4, 26, 2, 11, 24, 18, 21, 3, 
          16, 10, 13, 23, 8, 28, 5, 27, 25 ], 
      [ 3, 10, 23, 8, 28, 5, 15, 27, 22, 25, 7, 20, 14, 17, 1, 12, 6, 9, 19, 
          4, 26, 2, 11, 24, 18, 21, 16, 13 ], 
      [ 20, 17, 12, 15, 9, 22, 4, 7, 2, 14, 24, 1, 21, 6, 16, 19, 13, 26, 8, 
          11, 5, 18, 27, 3, 25, 10, 23, 28 ], 
      [ 8, 5, 27, 3, 25, 10, 20, 23, 17, 28, 12, 15, 9, 22, 4, 7, 2, 14, 24, 
          1, 21, 6, 16, 19, 13, 26, 11, 18 ], 
      [ 15, 22, 7, 20, 14, 17, 1, 12, 6, 9, 19, 4, 26, 2, 11, 24, 18, 21, 3, 
          16, 10, 13, 23, 8, 28, 5, 27, 25 ], 
      [ 20, 17, 12, 15, 9, 22, 4, 7, 2, 14, 24, 1, 21, 6, 16, 19, 13, 26, 8, 
          11, 5, 18, 27, 3, 25, 10, 23, 28 ] ],
  ordFix := 2,
  ordf := 6,
  psi := GroupHomomorphismByImages( Group( 
    [ (1,2,3,4), ( 5, 6, 7, 8, 9,10,11) ] ), Group( 
    [ (1,2,3,4), ( 5, 6, 7, 8, 9,10,11) ] ), 
    [ (1,2,3,4), ( 5, 6, 7, 8, 9,10,11) ], 
    [ (1,4,3,2), ( 5,10, 8, 6,11, 9, 7) ] ) ),
# No.13
rec(
  G := Group( [ (1,2,3,4), ( 5, 6, 7, 8, 9,10,11) ] ),
  isConnected := false,
  matrix := 
   [ [ 1, 6, 23, 4, 28, 2, 19, 27, 26, 25, 15, 24, 22, 21, 11, 20, 18, 17, 7, 
          16, 14, 13, 3, 12, 10, 9, 8, 5 ], 
      [ 4, 2, 27, 1, 25, 6, 24, 23, 21, 28, 20, 19, 17, 26, 16, 15, 13, 22, 
          12, 11, 9, 18, 8, 7, 5, 14, 3, 10 ], 
      [ 7, 14, 3, 12, 10, 9, 1, 8, 6, 5, 23, 4, 28, 2, 19, 27, 26, 25, 15, 
          24, 22, 21, 11, 20, 18, 17, 16, 13 ], 
      [ 1, 6, 23, 4, 28, 2, 19, 27, 26, 25, 15, 24, 22, 21, 11, 20, 18, 17, 
          7, 16, 14, 13, 3, 12, 10, 9, 8, 5 ], 
      [ 12, 9, 8, 7, 5, 14, 4, 3, 2, 10, 27, 1, 25, 6, 24, 23, 21, 28, 20, 
          19, 17, 26, 16, 15, 13, 22, 11, 18 ], 
      [ 4, 2, 27, 1, 25, 6, 24, 23, 21, 28, 20, 19, 17, 26, 16, 15, 13, 22, 
          12, 11, 9, 18, 8, 7, 5, 14, 3, 10 ], 
      [ 15, 22, 11, 20, 18, 17, 7, 16, 14, 13, 3, 12, 10, 9, 1, 8, 6, 5, 23, 
          4, 28, 2, 19, 27, 26, 25, 24, 21 ], 
      [ 7, 14, 3, 12, 10, 9, 1, 8, 6, 5, 23, 4, 28, 2, 19, 27, 26, 25, 15, 
          24, 22, 21, 11, 20, 18, 17, 16, 13 ], 
      [ 20, 17, 16, 15, 13, 22, 12, 11, 9, 18, 8, 7, 5, 14, 4, 3, 2, 10, 27, 
          1, 25, 6, 24, 23, 21, 28, 19, 26 ], 
      [ 12, 9, 8, 7, 5, 14, 4, 3, 2, 10, 27, 1, 25, 6, 24, 23, 21, 28, 20, 
          19, 17, 26, 16, 15, 13, 22, 11, 18 ], 
      [ 23, 28, 19, 27, 26, 25, 15, 24, 22, 21, 11, 20, 18, 17, 7, 16, 14, 
          13, 3, 12, 10, 9, 1, 8, 6, 5, 4, 2 ], 
      [ 15, 22, 11, 20, 18, 17, 7, 16, 14, 13, 3, 12, 10, 9, 1, 8, 6, 5, 23, 
          4, 28, 2, 19, 27, 26, 25, 24, 21 ], 
      [ 27, 25, 24, 23, 21, 28, 20, 19, 17, 26, 16, 15, 13, 22, 12, 11, 9, 
          18, 8, 7, 5, 14, 4, 3, 2, 10, 1, 6 ], 
      [ 20, 17, 16, 15, 13, 22, 12, 11, 9, 18, 8, 7, 5, 14, 4, 3, 2, 10, 27, 
          1, 25, 6, 24, 23, 21, 28, 19, 26 ], 
      [ 3, 10, 1, 8, 6, 5, 23, 4, 28, 2, 19, 27, 26, 25, 15, 24, 22, 21, 11, 
          20, 18, 17, 7, 16, 14, 13, 12, 9 ], 
      [ 23, 28, 19, 27, 26, 25, 15, 24, 22, 21, 11, 20, 18, 17, 7, 16, 14, 
          13, 3, 12, 10, 9, 1, 8, 6, 5, 4, 2 ], 
      [ 8, 5, 4, 3, 2, 10, 27, 1, 25, 6, 24, 23, 21, 28, 20, 19, 17, 26, 16, 
          15, 13, 22, 12, 11, 9, 18, 7, 14 ], 
      [ 27, 25, 24, 23, 21, 28, 20, 19, 17, 26, 16, 15, 13, 22, 12, 11, 9, 
          18, 8, 7, 5, 14, 4, 3, 2, 10, 1, 6 ], 
      [ 11, 18, 7, 16, 14, 13, 3, 12, 10, 9, 1, 8, 6, 5, 23, 4, 28, 2, 19, 
          27, 26, 25, 15, 24, 22, 21, 20, 17 ], 
      [ 3, 10, 1, 8, 6, 5, 23, 4, 28, 2, 19, 27, 26, 25, 15, 24, 22, 21, 11, 
          20, 18, 17, 7, 16, 14, 13, 12, 9 ], 
      [ 16, 13, 12, 11, 9, 18, 8, 7, 5, 14, 4, 3, 2, 10, 27, 1, 25, 6, 24, 
          23, 21, 28, 20, 19, 17, 26, 15, 22 ], 
      [ 8, 5, 4, 3, 2, 10, 27, 1, 25, 6, 24, 23, 21, 28, 20, 19, 17, 26, 16, 
          15, 13, 22, 12, 11, 9, 18, 7, 14 ], 
      [ 19, 26, 15, 24, 22, 21, 11, 20, 18, 17, 7, 16, 14, 13, 3, 12, 10, 9, 
          1, 8, 6, 5, 23, 4, 28, 2, 27, 25 ], 
      [ 11, 18, 7, 16, 14, 13, 3, 12, 10, 9, 1, 8, 6, 5, 23, 4, 28, 2, 19, 
          27, 26, 25, 15, 24, 22, 21, 20, 17 ], 
      [ 24, 21, 20, 19, 17, 26, 16, 15, 13, 22, 12, 11, 9, 18, 8, 7, 5, 14, 
          4, 3, 2, 10, 27, 1, 25, 6, 23, 28 ], 
      [ 16, 13, 12, 11, 9, 18, 8, 7, 5, 14, 4, 3, 2, 10, 27, 1, 25, 6, 24, 
          23, 21, 28, 20, 19, 17, 26, 15, 22 ], 
      [ 19, 26, 15, 24, 22, 21, 11, 20, 18, 17, 7, 16, 14, 13, 3, 12, 10, 9, 
          1, 8, 6, 5, 23, 4, 28, 2, 27, 25 ], 
      [ 24, 21, 20, 19, 17, 26, 16, 15, 13, 22, 12, 11, 9, 18, 8, 7, 5, 14, 
          4, 3, 2, 10, 27, 1, 25, 6, 23, 28 ] ],
  ordFix := 2,
  ordf := 2,
  psi := GroupHomomorphismByImages( Group( 
    [ (1,2,3,4), ( 5, 6, 7, 8, 9,10,11) ] ), Group( 
    [ (1,2,3,4), ( 5, 6, 7, 8, 9,10,11) ] ), 
    [ (1,2,3,4), ( 5, 6, 7, 8, 9,10,11) ], 
    [ (1,4,3,2), ( 5,11,10, 9, 8, 7, 6) ] ) ),
# No.14
rec(
  G := Group( [ (1,2), (3,4), ( 5, 6, 7, 8, 9,10,11) ] ),
  isConnected := true,
  matrix := 
   [ [ 1, 3, 5, 8, 2, 11, 13, 16, 10, 19, 21, 24, 18, 27, 28, 4, 26, 7, 9, 
          12, 6, 15, 17, 20, 14, 23, 25, 22 ], 
      [ 5, 2, 1, 13, 3, 10, 8, 21, 11, 18, 16, 28, 19, 26, 24, 9, 27, 6, 4, 
          17, 7, 14, 12, 25, 15, 22, 20, 23 ], 
      [ 2, 5, 3, 10, 1, 13, 11, 18, 8, 21, 19, 26, 16, 28, 27, 6, 24, 9, 7, 
          14, 4, 17, 15, 22, 12, 25, 23, 20 ], 
      [ 24, 27, 28, 4, 26, 7, 9, 12, 6, 15, 17, 20, 14, 23, 25, 1, 22, 3, 5, 
          8, 2, 11, 13, 16, 10, 19, 21, 18 ], 
      [ 3, 1, 2, 11, 5, 8, 10, 19, 13, 16, 18, 27, 21, 24, 26, 7, 28, 4, 6, 
          15, 9, 12, 14, 23, 17, 20, 22, 25 ], 
      [ 28, 26, 24, 9, 27, 6, 4, 17, 7, 14, 12, 25, 15, 22, 20, 5, 23, 2, 1, 
          13, 3, 10, 8, 21, 11, 18, 16, 19 ], 
      [ 26, 28, 27, 6, 24, 9, 7, 14, 4, 17, 15, 22, 12, 25, 23, 2, 20, 5, 3, 
          10, 1, 13, 11, 18, 8, 21, 19, 16 ], 
      [ 20, 23, 25, 1, 22, 3, 5, 8, 2, 11, 13, 16, 10, 19, 21, 24, 18, 27, 
          28, 4, 26, 7, 9, 12, 6, 15, 17, 14 ], 
      [ 27, 24, 26, 7, 28, 4, 6, 15, 9, 12, 14, 23, 17, 20, 22, 3, 25, 1, 2, 
          11, 5, 8, 10, 19, 13, 16, 18, 21 ], 
      [ 25, 22, 20, 5, 23, 2, 1, 13, 3, 10, 8, 21, 11, 18, 16, 28, 19, 26, 
          24, 9, 27, 6, 4, 17, 7, 14, 12, 15 ], 
      [ 22, 25, 23, 2, 20, 5, 3, 10, 1, 13, 11, 18, 8, 21, 19, 26, 16, 28, 
          27, 6, 24, 9, 7, 14, 4, 17, 15, 12 ], 
      [ 16, 19, 21, 24, 18, 27, 28, 4, 26, 7, 9, 12, 6, 15, 17, 20, 14, 23, 
          25, 1, 22, 3, 5, 8, 2, 11, 13, 10 ], 
      [ 23, 20, 22, 3, 25, 1, 2, 11, 5, 8, 10, 19, 13, 16, 18, 27, 21, 24, 
          26, 7, 28, 4, 6, 15, 9, 12, 14, 17 ], 
      [ 21, 18, 16, 28, 19, 26, 24, 9, 27, 6, 4, 17, 7, 14, 12, 25, 15, 22, 
          20, 5, 23, 2, 1, 13, 3, 10, 8, 11 ], 
      [ 18, 21, 19, 26, 16, 28, 27, 6, 24, 9, 7, 14, 4, 17, 15, 22, 12, 25, 
          23, 2, 20, 5, 3, 10, 1, 13, 11, 8 ], 
      [ 12, 15, 17, 20, 14, 23, 25, 1, 22, 3, 5, 8, 2, 11, 13, 16, 10, 19, 
          21, 24, 18, 27, 28, 4, 26, 7, 9, 6 ], 
      [ 19, 16, 18, 27, 21, 24, 26, 7, 28, 4, 6, 15, 9, 12, 14, 23, 17, 20, 
          22, 3, 25, 1, 2, 11, 5, 8, 10, 13 ], 
      [ 17, 14, 12, 25, 15, 22, 20, 5, 23, 2, 1, 13, 3, 10, 8, 21, 11, 18, 
          16, 28, 19, 26, 24, 9, 27, 6, 4, 7 ], 
      [ 14, 17, 15, 22, 12, 25, 23, 2, 20, 5, 3, 10, 1, 13, 11, 18, 8, 21, 
          19, 26, 16, 28, 27, 6, 24, 9, 7, 4 ], 
      [ 8, 11, 13, 16, 10, 19, 21, 24, 18, 27, 28, 4, 26, 7, 9, 12, 6, 15, 
          17, 20, 14, 23, 25, 1, 22, 3, 5, 2 ], 
      [ 15, 12, 14, 23, 17, 20, 22, 3, 25, 1, 2, 11, 5, 8, 10, 19, 13, 16, 
          18, 27, 21, 24, 26, 7, 28, 4, 6, 9 ], 
      [ 13, 10, 8, 21, 11, 18, 16, 28, 19, 26, 24, 9, 27, 6, 4, 17, 7, 14, 
          12, 25, 15, 22, 20, 5, 23, 2, 1, 3 ], 
      [ 10, 13, 11, 18, 8, 21, 19, 26, 16, 28, 27, 6, 24, 9, 7, 14, 4, 17, 
          15, 22, 12, 25, 23, 2, 20, 5, 3, 1 ], 
      [ 4, 7, 9, 12, 6, 15, 17, 20, 14, 23, 25, 1, 22, 3, 5, 8, 2, 11, 13, 
          16, 10, 19, 21, 24, 18, 27, 28, 26 ], 
      [ 11, 8, 10, 19, 13, 16, 18, 27, 21, 24, 26, 7, 28, 4, 6, 15, 9, 12, 
          14, 23, 17, 20, 22, 3, 25, 1, 2, 5 ], 
      [ 9, 6, 4, 17, 7, 14, 12, 25, 15, 22, 20, 5, 23, 2, 1, 13, 3, 10, 8, 
          21, 11, 18, 16, 28, 19, 26, 24, 27 ], 
      [ 6, 9, 7, 14, 4, 17, 15, 22, 12, 25, 23, 2, 20, 5, 3, 10, 1, 13, 11, 
          18, 8, 21, 19, 26, 16, 28, 27, 24 ], 
      [ 7, 4, 6, 15, 9, 12, 14, 23, 17, 20, 22, 3, 25, 1, 2, 11, 5, 8, 10, 
          19, 13, 16, 18, 27, 21, 24, 26, 28 ] ],
  ordFix := 1,
  ordf := 3,
  psi := GroupHomomorphismByImages( Group( 
    [ (1,2), (3,4), ( 5, 6, 7, 8, 9,10,11) ] ), Group( 
    [ (1,2), (3,4), ( 5, 6, 7, 8, 9,10,11) ] ), 
    [ (1,2), (3,4), ( 5, 6, 7, 8, 9,10,11) ], 
    [ (1,2)(3,4), (1,2), ( 5, 7, 9,11, 6, 8,10) ] ) ),
# No.15
rec(
  G := Group( [ (1,2), (3,4), ( 5, 6, 7, 8, 9,10,11) ] ),
  isConnected := true,
  matrix := 
   [ [ 1, 3, 5, 12, 2, 15, 17, 24, 14, 27, 28, 8, 26, 11, 13, 20, 10, 23, 25, 
          4, 22, 7, 9, 16, 6, 19, 21, 18 ], 
      [ 5, 2, 1, 17, 3, 14, 12, 28, 15, 26, 24, 13, 27, 10, 8, 25, 11, 22, 
          20, 9, 23, 6, 4, 21, 7, 18, 16, 19 ], 
      [ 2, 5, 3, 14, 1, 17, 15, 26, 12, 28, 27, 10, 24, 13, 11, 22, 8, 25, 
          23, 6, 20, 9, 7, 18, 4, 21, 19, 16 ], 
      [ 20, 23, 25, 4, 22, 7, 9, 16, 6, 19, 21, 1, 18, 3, 5, 12, 2, 15, 17, 
          24, 14, 27, 28, 8, 26, 11, 13, 10 ], 
      [ 3, 1, 2, 15, 5, 12, 14, 27, 17, 24, 26, 11, 28, 8, 10, 23, 13, 20, 
          22, 7, 25, 4, 6, 19, 9, 16, 18, 21 ], 
      [ 25, 22, 20, 9, 23, 6, 4, 21, 7, 18, 16, 5, 19, 2, 1, 17, 3, 14, 12, 
          28, 15, 26, 24, 13, 27, 10, 8, 11 ], 
      [ 22, 25, 23, 6, 20, 9, 7, 18, 4, 21, 19, 2, 16, 5, 3, 14, 1, 17, 15, 
          26, 12, 28, 27, 10, 24, 13, 11, 8 ], 
      [ 12, 15, 17, 24, 14, 27, 28, 8, 26, 11, 13, 20, 10, 23, 25, 4, 22, 7, 
          9, 16, 6, 19, 21, 1, 18, 3, 5, 2 ], 
      [ 23, 20, 22, 7, 25, 4, 6, 19, 9, 16, 18, 3, 21, 1, 2, 15, 5, 12, 14, 
          27, 17, 24, 26, 11, 28, 8, 10, 13 ], 
      [ 17, 14, 12, 28, 15, 26, 24, 13, 27, 10, 8, 25, 11, 22, 20, 9, 23, 6, 
          4, 21, 7, 18, 16, 5, 19, 2, 1, 3 ], 
      [ 14, 17, 15, 26, 12, 28, 27, 10, 24, 13, 11, 22, 8, 25, 23, 6, 20, 9, 
          7, 18, 4, 21, 19, 2, 16, 5, 3, 1 ], 
      [ 4, 7, 9, 16, 6, 19, 21, 1, 18, 3, 5, 12, 2, 15, 17, 24, 14, 27, 28, 
          8, 26, 11, 13, 20, 10, 23, 25, 22 ], 
      [ 15, 12, 14, 27, 17, 24, 26, 11, 28, 8, 10, 23, 13, 20, 22, 7, 25, 4, 
          6, 19, 9, 16, 18, 3, 21, 1, 2, 5 ], 
      [ 9, 6, 4, 21, 7, 18, 16, 5, 19, 2, 1, 17, 3, 14, 12, 28, 15, 26, 24, 
          13, 27, 10, 8, 25, 11, 22, 20, 23 ], 
      [ 6, 9, 7, 18, 4, 21, 19, 2, 16, 5, 3, 14, 1, 17, 15, 26, 12, 28, 27, 
          10, 24, 13, 11, 22, 8, 25, 23, 20 ], 
      [ 24, 27, 28, 8, 26, 11, 13, 20, 10, 23, 25, 4, 22, 7, 9, 16, 6, 19, 
          21, 1, 18, 3, 5, 12, 2, 15, 17, 14 ], 
      [ 7, 4, 6, 19, 9, 16, 18, 3, 21, 1, 2, 15, 5, 12, 14, 27, 17, 24, 26, 
          11, 28, 8, 10, 23, 13, 20, 22, 25 ], 
      [ 28, 26, 24, 13, 27, 10, 8, 25, 11, 22, 20, 9, 23, 6, 4, 21, 7, 18, 
          16, 5, 19, 2, 1, 17, 3, 14, 12, 15 ], 
      [ 26, 28, 27, 10, 24, 13, 11, 22, 8, 25, 23, 6, 20, 9, 7, 18, 4, 21, 
          19, 2, 16, 5, 3, 14, 1, 17, 15, 12 ], 
      [ 16, 19, 21, 1, 18, 3, 5, 12, 2, 15, 17, 24, 14, 27, 28, 8, 26, 11, 
          13, 20, 10, 23, 25, 4, 22, 7, 9, 6 ], 
      [ 27, 24, 26, 11, 28, 8, 10, 23, 13, 20, 22, 7, 25, 4, 6, 19, 9, 16, 
          18, 3, 21, 1, 2, 15, 5, 12, 14, 17 ], 
      [ 21, 18, 16, 5, 19, 2, 1, 17, 3, 14, 12, 28, 15, 26, 24, 13, 27, 10, 
          8, 25, 11, 22, 20, 9, 23, 6, 4, 7 ], 
      [ 18, 21, 19, 2, 16, 5, 3, 14, 1, 17, 15, 26, 12, 28, 27, 10, 24, 13, 
          11, 22, 8, 25, 23, 6, 20, 9, 7, 4 ], 
      [ 8, 11, 13, 20, 10, 23, 25, 4, 22, 7, 9, 16, 6, 19, 21, 1, 18, 3, 5, 
          12, 2, 15, 17, 24, 14, 27, 28, 26 ], 
      [ 19, 16, 18, 3, 21, 1, 2, 15, 5, 12, 14, 27, 17, 24, 26, 11, 28, 8, 
          10, 23, 13, 20, 22, 7, 25, 4, 6, 9 ], 
      [ 13, 10, 8, 25, 11, 22, 20, 9, 23, 6, 4, 21, 7, 18, 16, 5, 19, 2, 1, 
          17, 3, 14, 12, 28, 15, 26, 24, 27 ], 
      [ 10, 13, 11, 22, 8, 25, 23, 6, 20, 9, 7, 18, 4, 21, 19, 2, 16, 5, 3, 
          14, 1, 17, 15, 26, 12, 28, 27, 24 ], 
      [ 11, 8, 10, 23, 13, 20, 22, 7, 25, 4, 6, 19, 9, 16, 18, 3, 21, 1, 2, 
          15, 5, 12, 14, 27, 17, 24, 26, 28 ] ],
  ordFix := 1,
  ordf := 6,
  psi := GroupHomomorphismByImages( Group( 
    [ (1,2), (3,4), ( 5, 6, 7, 8, 9,10,11) ] ), Group( 
    [ (1,2), (3,4), ( 5, 6, 7, 8, 9,10,11) ] ), 
    [ (1,2), (3,4), ( 5, 6, 7, 8, 9,10,11) ], 
    [ (1,2)(3,4), (1,2), ( 5, 8,11, 7,10, 6, 9) ] ) ),
# No.16
rec(
  G := Group( [ (1,2), (3,4), ( 5, 6, 7, 8, 9,10,11) ] ),
  isConnected := true,
  matrix := 
   [ [ 1, 3, 5, 16, 2, 19, 21, 4, 18, 7, 9, 20, 6, 23, 25, 8, 22, 11, 13, 24, 
          10, 27, 28, 12, 26, 15, 17, 14 ], 
      [ 5, 2, 1, 21, 3, 18, 16, 9, 19, 6, 4, 25, 7, 22, 20, 13, 23, 10, 8, 
          28, 11, 26, 24, 17, 27, 14, 12, 15 ], 
      [ 2, 5, 3, 18, 1, 21, 19, 6, 16, 9, 7, 22, 4, 25, 23, 10, 20, 13, 11, 
          26, 8, 28, 27, 14, 24, 17, 15, 12 ], 
      [ 16, 19, 21, 4, 18, 7, 9, 20, 6, 23, 25, 8, 22, 11, 13, 24, 10, 27, 
          28, 12, 26, 15, 17, 1, 14, 3, 5, 2 ], 
      [ 3, 1, 2, 19, 5, 16, 18, 7, 21, 4, 6, 23, 9, 20, 22, 11, 25, 8, 10, 
          27, 13, 24, 26, 15, 28, 12, 14, 17 ], 
      [ 21, 18, 16, 9, 19, 6, 4, 25, 7, 22, 20, 13, 23, 10, 8, 28, 11, 26, 
          24, 17, 27, 14, 12, 5, 15, 2, 1, 3 ], 
      [ 18, 21, 19, 6, 16, 9, 7, 22, 4, 25, 23, 10, 20, 13, 11, 26, 8, 28, 
          27, 14, 24, 17, 15, 2, 12, 5, 3, 1 ], 
      [ 4, 7, 9, 20, 6, 23, 25, 8, 22, 11, 13, 24, 10, 27, 28, 12, 26, 15, 
          17, 1, 14, 3, 5, 16, 2, 19, 21, 18 ], 
      [ 19, 16, 18, 7, 21, 4, 6, 23, 9, 20, 22, 11, 25, 8, 10, 27, 13, 24, 
          26, 15, 28, 12, 14, 3, 17, 1, 2, 5 ], 
      [ 9, 6, 4, 25, 7, 22, 20, 13, 23, 10, 8, 28, 11, 26, 24, 17, 27, 14, 
          12, 5, 15, 2, 1, 21, 3, 18, 16, 19 ], 
      [ 6, 9, 7, 22, 4, 25, 23, 10, 20, 13, 11, 26, 8, 28, 27, 14, 24, 17, 
          15, 2, 12, 5, 3, 18, 1, 21, 19, 16 ], 
      [ 20, 23, 25, 8, 22, 11, 13, 24, 10, 27, 28, 12, 26, 15, 17, 1, 14, 3, 
          5, 16, 2, 19, 21, 4, 18, 7, 9, 6 ], 
      [ 7, 4, 6, 23, 9, 20, 22, 11, 25, 8, 10, 27, 13, 24, 26, 15, 28, 12, 
          14, 3, 17, 1, 2, 19, 5, 16, 18, 21 ], 
      [ 25, 22, 20, 13, 23, 10, 8, 28, 11, 26, 24, 17, 27, 14, 12, 5, 15, 2, 
          1, 21, 3, 18, 16, 9, 19, 6, 4, 7 ], 
      [ 22, 25, 23, 10, 20, 13, 11, 26, 8, 28, 27, 14, 24, 17, 15, 2, 12, 5, 
          3, 18, 1, 21, 19, 6, 16, 9, 7, 4 ], 
      [ 8, 11, 13, 24, 10, 27, 28, 12, 26, 15, 17, 1, 14, 3, 5, 16, 2, 19, 
          21, 4, 18, 7, 9, 20, 6, 23, 25, 22 ], 
      [ 23, 20, 22, 11, 25, 8, 10, 27, 13, 24, 26, 15, 28, 12, 14, 3, 17, 1, 
          2, 19, 5, 16, 18, 7, 21, 4, 6, 9 ], 
      [ 13, 10, 8, 28, 11, 26, 24, 17, 27, 14, 12, 5, 15, 2, 1, 21, 3, 18, 
          16, 9, 19, 6, 4, 25, 7, 22, 20, 23 ], 
      [ 10, 13, 11, 26, 8, 28, 27, 14, 24, 17, 15, 2, 12, 5, 3, 18, 1, 21, 
          19, 6, 16, 9, 7, 22, 4, 25, 23, 20 ], 
      [ 24, 27, 28, 12, 26, 15, 17, 1, 14, 3, 5, 16, 2, 19, 21, 4, 18, 7, 9, 
          20, 6, 23, 25, 8, 22, 11, 13, 10 ], 
      [ 11, 8, 10, 27, 13, 24, 26, 15, 28, 12, 14, 3, 17, 1, 2, 19, 5, 16, 
          18, 7, 21, 4, 6, 23, 9, 20, 22, 25 ], 
      [ 28, 26, 24, 17, 27, 14, 12, 5, 15, 2, 1, 21, 3, 18, 16, 9, 19, 6, 4, 
          25, 7, 22, 20, 13, 23, 10, 8, 11 ], 
      [ 26, 28, 27, 14, 24, 17, 15, 2, 12, 5, 3, 18, 1, 21, 19, 6, 16, 9, 7, 
          22, 4, 25, 23, 10, 20, 13, 11, 8 ], 
      [ 12, 15, 17, 1, 14, 3, 5, 16, 2, 19, 21, 4, 18, 7, 9, 20, 6, 23, 25, 
          8, 22, 11, 13, 24, 10, 27, 28, 26 ], 
      [ 27, 24, 26, 15, 28, 12, 14, 3, 17, 1, 2, 19, 5, 16, 18, 7, 21, 4, 6, 
          23, 9, 20, 22, 11, 25, 8, 10, 13 ], 
      [ 17, 14, 12, 5, 15, 2, 1, 21, 3, 18, 16, 9, 19, 6, 4, 25, 7, 22, 20, 
          13, 23, 10, 8, 28, 11, 26, 24, 27 ], 
      [ 14, 17, 15, 2, 12, 5, 3, 18, 1, 21, 19, 6, 16, 9, 7, 22, 4, 25, 23, 
          10, 20, 13, 11, 26, 8, 28, 27, 24 ], 
      [ 15, 12, 14, 3, 17, 1, 2, 19, 5, 16, 18, 7, 21, 4, 6, 23, 9, 20, 22, 
          11, 25, 8, 10, 27, 13, 24, 26, 28 ] ],
  ordFix := 1,
  ordf := 3,
  psi := GroupHomomorphismByImages( Group( 
    [ (1,2), (3,4), ( 5, 6, 7, 8, 9,10,11) ] ), Group( 
    [ (1,2), (3,4), ( 5, 6, 7, 8, 9,10,11) ] ), 
    [ (1,2), (3,4), ( 5, 6, 7, 8, 9,10,11) ], 
    [ (1,2)(3,4), (1,2), ( 5, 9, 6,10, 7,11, 8) ] ) ),
# No.17
rec(
  G := Group( [ (1,2), (3,4), ( 5, 6, 7, 8, 9,10,11) ] ),
  isConnected := true,
  matrix := 
   [ [ 1, 3, 5, 20, 2, 23, 25, 12, 22, 15, 17, 4, 14, 7, 9, 24, 6, 27, 28, 
          16, 26, 19, 21, 8, 18, 11, 13, 10 ], 
      [ 5, 2, 1, 25, 3, 22, 20, 17, 23, 14, 12, 9, 15, 6, 4, 28, 7, 26, 24, 
          21, 27, 18, 16, 13, 19, 10, 8, 11 ], 
      [ 2, 5, 3, 22, 1, 25, 23, 14, 20, 17, 15, 6, 12, 9, 7, 26, 4, 28, 27, 
          18, 24, 21, 19, 10, 16, 13, 11, 8 ], 
      [ 12, 15, 17, 4, 14, 7, 9, 24, 6, 27, 28, 16, 26, 19, 21, 8, 18, 11, 
          13, 1, 10, 3, 5, 20, 2, 23, 25, 22 ], 
      [ 3, 1, 2, 23, 5, 20, 22, 15, 25, 12, 14, 7, 17, 4, 6, 27, 9, 24, 26, 
          19, 28, 16, 18, 11, 21, 8, 10, 13 ], 
      [ 17, 14, 12, 9, 15, 6, 4, 28, 7, 26, 24, 21, 27, 18, 16, 13, 19, 10, 
          8, 5, 11, 2, 1, 25, 3, 22, 20, 23 ], 
      [ 14, 17, 15, 6, 12, 9, 7, 26, 4, 28, 27, 18, 24, 21, 19, 10, 16, 13, 
          11, 2, 8, 5, 3, 22, 1, 25, 23, 20 ], 
      [ 24, 27, 28, 16, 26, 19, 21, 8, 18, 11, 13, 1, 10, 3, 5, 20, 2, 23, 
          25, 12, 22, 15, 17, 4, 14, 7, 9, 6 ], 
      [ 15, 12, 14, 7, 17, 4, 6, 27, 9, 24, 26, 19, 28, 16, 18, 11, 21, 8, 
          10, 3, 13, 1, 2, 23, 5, 20, 22, 25 ], 
      [ 28, 26, 24, 21, 27, 18, 16, 13, 19, 10, 8, 5, 11, 2, 1, 25, 3, 22, 
          20, 17, 23, 14, 12, 9, 15, 6, 4, 7 ], 
      [ 26, 28, 27, 18, 24, 21, 19, 10, 16, 13, 11, 2, 8, 5, 3, 22, 1, 25, 
          23, 14, 20, 17, 15, 6, 12, 9, 7, 4 ], 
      [ 8, 11, 13, 1, 10, 3, 5, 20, 2, 23, 25, 12, 22, 15, 17, 4, 14, 7, 9, 
          24, 6, 27, 28, 16, 26, 19, 21, 18 ], 
      [ 27, 24, 26, 19, 28, 16, 18, 11, 21, 8, 10, 3, 13, 1, 2, 23, 5, 20, 
          22, 15, 25, 12, 14, 7, 17, 4, 6, 9 ], 
      [ 13, 10, 8, 5, 11, 2, 1, 25, 3, 22, 20, 17, 23, 14, 12, 9, 15, 6, 4, 
          28, 7, 26, 24, 21, 27, 18, 16, 19 ], 
      [ 10, 13, 11, 2, 8, 5, 3, 22, 1, 25, 23, 14, 20, 17, 15, 6, 12, 9, 7, 
          26, 4, 28, 27, 18, 24, 21, 19, 16 ], 
      [ 20, 23, 25, 12, 22, 15, 17, 4, 14, 7, 9, 24, 6, 27, 28, 16, 26, 19, 
          21, 8, 18, 11, 13, 1, 10, 3, 5, 2 ], 
      [ 11, 8, 10, 3, 13, 1, 2, 23, 5, 20, 22, 15, 25, 12, 14, 7, 17, 4, 6, 
          27, 9, 24, 26, 19, 28, 16, 18, 21 ], 
      [ 25, 22, 20, 17, 23, 14, 12, 9, 15, 6, 4, 28, 7, 26, 24, 21, 27, 18, 
          16, 13, 19, 10, 8, 5, 11, 2, 1, 3 ], 
      [ 22, 25, 23, 14, 20, 17, 15, 6, 12, 9, 7, 26, 4, 28, 27, 18, 24, 21, 
          19, 10, 16, 13, 11, 2, 8, 5, 3, 1 ], 
      [ 4, 7, 9, 24, 6, 27, 28, 16, 26, 19, 21, 8, 18, 11, 13, 1, 10, 3, 5, 
          20, 2, 23, 25, 12, 22, 15, 17, 14 ], 
      [ 23, 20, 22, 15, 25, 12, 14, 7, 17, 4, 6, 27, 9, 24, 26, 19, 28, 16, 
          18, 11, 21, 8, 10, 3, 13, 1, 2, 5 ], 
      [ 9, 6, 4, 28, 7, 26, 24, 21, 27, 18, 16, 13, 19, 10, 8, 5, 11, 2, 1, 
          25, 3, 22, 20, 17, 23, 14, 12, 15 ], 
      [ 6, 9, 7, 26, 4, 28, 27, 18, 24, 21, 19, 10, 16, 13, 11, 2, 8, 5, 3, 
          22, 1, 25, 23, 14, 20, 17, 15, 12 ], 
      [ 16, 19, 21, 8, 18, 11, 13, 1, 10, 3, 5, 20, 2, 23, 25, 12, 22, 15, 
          17, 4, 14, 7, 9, 24, 6, 27, 28, 26 ], 
      [ 7, 4, 6, 27, 9, 24, 26, 19, 28, 16, 18, 11, 21, 8, 10, 3, 13, 1, 2, 
          23, 5, 20, 22, 15, 25, 12, 14, 17 ], 
      [ 21, 18, 16, 13, 19, 10, 8, 5, 11, 2, 1, 25, 3, 22, 20, 17, 23, 14, 
          12, 9, 15, 6, 4, 28, 7, 26, 24, 27 ], 
      [ 18, 21, 19, 10, 16, 13, 11, 2, 8, 5, 3, 22, 1, 25, 23, 14, 20, 17, 
          15, 6, 12, 9, 7, 26, 4, 28, 27, 24 ], 
      [ 19, 16, 18, 11, 21, 8, 10, 3, 13, 1, 2, 23, 5, 20, 22, 15, 25, 12, 
          14, 7, 17, 4, 6, 27, 9, 24, 26, 28 ] ],
  ordFix := 1,
  ordf := 6,
  psi := GroupHomomorphismByImages( Group( 
    [ (1,2), (3,4), ( 5, 6, 7, 8, 9,10,11) ] ), Group( 
    [ (1,2), (3,4), ( 5, 6, 7, 8, 9,10,11) ] ), 
    [ (1,2), (3,4), ( 5, 6, 7, 8, 9,10,11) ], 
    [ (1,2)(3,4), (1,2), ( 5,10, 8, 6,11, 9, 7) ] ) ),
# No.18
rec(
  G := Group( [ (1,2), (3,4), ( 5, 6, 7, 8, 9,10,11) ] ),
  isConnected := true,
  matrix := 
   [ [ 1, 3, 5, 24, 2, 27, 28, 20, 26, 23, 25, 16, 22, 19, 21, 12, 18, 15, 
          17, 8, 14, 11, 13, 4, 10, 7, 9, 6 ], 
      [ 5, 2, 1, 28, 3, 26, 24, 25, 27, 22, 20, 21, 23, 18, 16, 17, 19, 14, 
          12, 13, 15, 10, 8, 9, 11, 6, 4, 7 ], 
      [ 2, 5, 3, 26, 1, 28, 27, 22, 24, 25, 23, 18, 20, 21, 19, 14, 16, 17, 
          15, 10, 12, 13, 11, 6, 8, 9, 7, 4 ], 
      [ 8, 11, 13, 4, 10, 7, 9, 1, 6, 3, 5, 24, 2, 27, 28, 20, 26, 23, 25, 
          16, 22, 19, 21, 12, 18, 15, 17, 14 ], 
      [ 3, 1, 2, 27, 5, 24, 26, 23, 28, 20, 22, 19, 25, 16, 18, 15, 21, 12, 
          14, 11, 17, 8, 10, 7, 13, 4, 6, 9 ], 
      [ 13, 10, 8, 9, 11, 6, 4, 5, 7, 2, 1, 28, 3, 26, 24, 25, 27, 22, 20, 
          21, 23, 18, 16, 17, 19, 14, 12, 15 ], 
      [ 10, 13, 11, 6, 8, 9, 7, 2, 4, 5, 3, 26, 1, 28, 27, 22, 24, 25, 23, 
          18, 20, 21, 19, 14, 16, 17, 15, 12 ], 
      [ 16, 19, 21, 12, 18, 15, 17, 8, 14, 11, 13, 4, 10, 7, 9, 1, 6, 3, 5, 
          24, 2, 27, 28, 20, 26, 23, 25, 22 ], 
      [ 11, 8, 10, 7, 13, 4, 6, 3, 9, 1, 2, 27, 5, 24, 26, 23, 28, 20, 22, 
          19, 25, 16, 18, 15, 21, 12, 14, 17 ], 
      [ 21, 18, 16, 17, 19, 14, 12, 13, 15, 10, 8, 9, 11, 6, 4, 5, 7, 2, 1, 
          28, 3, 26, 24, 25, 27, 22, 20, 23 ], 
      [ 18, 21, 19, 14, 16, 17, 15, 10, 12, 13, 11, 6, 8, 9, 7, 2, 4, 5, 3, 
          26, 1, 28, 27, 22, 24, 25, 23, 20 ], 
      [ 24, 27, 28, 20, 26, 23, 25, 16, 22, 19, 21, 12, 18, 15, 17, 8, 14, 
          11, 13, 4, 10, 7, 9, 1, 6, 3, 5, 2 ], 
      [ 19, 16, 18, 15, 21, 12, 14, 11, 17, 8, 10, 7, 13, 4, 6, 3, 9, 1, 2, 
          27, 5, 24, 26, 23, 28, 20, 22, 25 ], 
      [ 28, 26, 24, 25, 27, 22, 20, 21, 23, 18, 16, 17, 19, 14, 12, 13, 15, 
          10, 8, 9, 11, 6, 4, 5, 7, 2, 1, 3 ], 
      [ 26, 28, 27, 22, 24, 25, 23, 18, 20, 21, 19, 14, 16, 17, 15, 10, 12, 
          13, 11, 6, 8, 9, 7, 2, 4, 5, 3, 1 ], 
      [ 4, 7, 9, 1, 6, 3, 5, 24, 2, 27, 28, 20, 26, 23, 25, 16, 22, 19, 21, 
          12, 18, 15, 17, 8, 14, 11, 13, 10 ], 
      [ 27, 24, 26, 23, 28, 20, 22, 19, 25, 16, 18, 15, 21, 12, 14, 11, 17, 
          8, 10, 7, 13, 4, 6, 3, 9, 1, 2, 5 ], 
      [ 9, 6, 4, 5, 7, 2, 1, 28, 3, 26, 24, 25, 27, 22, 20, 21, 23, 18, 16, 
          17, 19, 14, 12, 13, 15, 10, 8, 11 ], 
      [ 6, 9, 7, 2, 4, 5, 3, 26, 1, 28, 27, 22, 24, 25, 23, 18, 20, 21, 19, 
          14, 16, 17, 15, 10, 12, 13, 11, 8 ], 
      [ 12, 15, 17, 8, 14, 11, 13, 4, 10, 7, 9, 1, 6, 3, 5, 24, 2, 27, 28, 
          20, 26, 23, 25, 16, 22, 19, 21, 18 ], 
      [ 7, 4, 6, 3, 9, 1, 2, 27, 5, 24, 26, 23, 28, 20, 22, 19, 25, 16, 18, 
          15, 21, 12, 14, 11, 17, 8, 10, 13 ], 
      [ 17, 14, 12, 13, 15, 10, 8, 9, 11, 6, 4, 5, 7, 2, 1, 28, 3, 26, 24, 
          25, 27, 22, 20, 21, 23, 18, 16, 19 ], 
      [ 14, 17, 15, 10, 12, 13, 11, 6, 8, 9, 7, 2, 4, 5, 3, 26, 1, 28, 27, 
          22, 24, 25, 23, 18, 20, 21, 19, 16 ], 
      [ 20, 23, 25, 16, 22, 19, 21, 12, 18, 15, 17, 8, 14, 11, 13, 4, 10, 7, 
          9, 1, 6, 3, 5, 24, 2, 27, 28, 26 ], 
      [ 15, 12, 14, 11, 17, 8, 10, 7, 13, 4, 6, 3, 9, 1, 2, 27, 5, 24, 26, 
          23, 28, 20, 22, 19, 25, 16, 18, 21 ], 
      [ 25, 22, 20, 21, 23, 18, 16, 17, 19, 14, 12, 13, 15, 10, 8, 9, 11, 6, 
          4, 5, 7, 2, 1, 28, 3, 26, 24, 27 ], 
      [ 22, 25, 23, 18, 20, 21, 19, 14, 16, 17, 15, 10, 12, 13, 11, 6, 8, 9, 
          7, 2, 4, 5, 3, 26, 1, 28, 27, 24 ], 
      [ 23, 20, 22, 19, 25, 16, 18, 15, 21, 12, 14, 11, 17, 8, 10, 7, 13, 4, 
          6, 3, 9, 1, 2, 27, 5, 24, 26, 28 ] ],
  ordFix := 1,
  ordf := 6,
  psi := GroupHomomorphismByImages( Group( 
    [ (1,2), (3,4), ( 5, 6, 7, 8, 9,10,11) ] ), Group( 
    [ (1,2), (3,4), ( 5, 6, 7, 8, 9,10,11) ] ), 
    [ (1,2), (3,4), ( 5, 6, 7, 8, 9,10,11) ], 
    [ (1,2)(3,4), (1,2), ( 5,11,10, 9, 8, 7, 6) ] ) ),
# No.19
rec(
  G := Group( [ ( 2, 7)( 3, 6)( 4, 5)( 8, 9,10,11), ( 8,10)( 9,11), 
      (1,2,3,4,5,6,7) ] ),
  isConnected := false,
  matrix := 
   [ [ 1, 26, 3, 4, 28, 2, 7, 8, 5, 6, 11, 12, 9, 10, 15, 16, 13, 14, 19, 20, 
          17, 18, 23, 24, 21, 22, 27, 25 ], 
      [ 4, 2, 7, 8, 5, 6, 11, 12, 9, 10, 15, 16, 13, 14, 19, 20, 17, 18, 23, 
          24, 21, 22, 27, 1, 25, 26, 3, 28 ], 
      [ 1, 26, 3, 4, 28, 2, 7, 8, 5, 6, 11, 12, 9, 10, 15, 16, 13, 14, 19, 
          20, 17, 18, 23, 24, 21, 22, 27, 25 ], 
      [ 1, 26, 3, 4, 28, 2, 7, 8, 5, 6, 11, 12, 9, 10, 15, 16, 13, 14, 19, 
          20, 17, 18, 23, 24, 21, 22, 27, 25 ], 
      [ 4, 2, 7, 8, 5, 6, 11, 12, 9, 10, 15, 16, 13, 14, 19, 20, 17, 18, 23, 
          24, 21, 22, 27, 1, 25, 26, 3, 28 ], 
      [ 4, 2, 7, 8, 5, 6, 11, 12, 9, 10, 15, 16, 13, 14, 19, 20, 17, 18, 23, 
          24, 21, 22, 27, 1, 25, 26, 3, 28 ], 
      [ 1, 26, 3, 4, 28, 2, 7, 8, 5, 6, 11, 12, 9, 10, 15, 16, 13, 14, 19, 
          20, 17, 18, 23, 24, 21, 22, 27, 25 ], 
      [ 1, 26, 3, 4, 28, 2, 7, 8, 5, 6, 11, 12, 9, 10, 15, 16, 13, 14, 19, 
          20, 17, 18, 23, 24, 21, 22, 27, 25 ], 
      [ 4, 2, 7, 8, 5, 6, 11, 12, 9, 10, 15, 16, 13, 14, 19, 20, 17, 18, 23, 
          24, 21, 22, 27, 1, 25, 26, 3, 28 ], 
      [ 4, 2, 7, 8, 5, 6, 11, 12, 9, 10, 15, 16, 13, 14, 19, 20, 17, 18, 23, 
          24, 21, 22, 27, 1, 25, 26, 3, 28 ], 
      [ 1, 26, 3, 4, 28, 2, 7, 8, 5, 6, 11, 12, 9, 10, 15, 16, 13, 14, 19, 
          20, 17, 18, 23, 24, 21, 22, 27, 25 ], 
      [ 1, 26, 3, 4, 28, 2, 7, 8, 5, 6, 11, 12, 9, 10, 15, 16, 13, 14, 19, 
          20, 17, 18, 23, 24, 21, 22, 27, 25 ], 
      [ 4, 2, 7, 8, 5, 6, 11, 12, 9, 10, 15, 16, 13, 14, 19, 20, 17, 18, 23, 
          24, 21, 22, 27, 1, 25, 26, 3, 28 ], 
      [ 4, 2, 7, 8, 5, 6, 11, 12, 9, 10, 15, 16, 13, 14, 19, 20, 17, 18, 23, 
          24, 21, 22, 27, 1, 25, 26, 3, 28 ], 
      [ 1, 26, 3, 4, 28, 2, 7, 8, 5, 6, 11, 12, 9, 10, 15, 16, 13, 14, 19, 
          20, 17, 18, 23, 24, 21, 22, 27, 25 ], 
      [ 1, 26, 3, 4, 28, 2, 7, 8, 5, 6, 11, 12, 9, 10, 15, 16, 13, 14, 19, 
          20, 17, 18, 23, 24, 21, 22, 27, 25 ], 
      [ 4, 2, 7, 8, 5, 6, 11, 12, 9, 10, 15, 16, 13, 14, 19, 20, 17, 18, 23, 
          24, 21, 22, 27, 1, 25, 26, 3, 28 ], 
      [ 4, 2, 7, 8, 5, 6, 11, 12, 9, 10, 15, 16, 13, 14, 19, 20, 17, 18, 23, 
          24, 21, 22, 27, 1, 25, 26, 3, 28 ], 
      [ 1, 26, 3, 4, 28, 2, 7, 8, 5, 6, 11, 12, 9, 10, 15, 16, 13, 14, 19, 
          20, 17, 18, 23, 24, 21, 22, 27, 25 ], 
      [ 1, 26, 3, 4, 28, 2, 7, 8, 5, 6, 11, 12, 9, 10, 15, 16, 13, 14, 19, 
          20, 17, 18, 23, 24, 21, 22, 27, 25 ], 
      [ 4, 2, 7, 8, 5, 6, 11, 12, 9, 10, 15, 16, 13, 14, 19, 20, 17, 18, 23, 
          24, 21, 22, 27, 1, 25, 26, 3, 28 ], 
      [ 4, 2, 7, 8, 5, 6, 11, 12, 9, 10, 15, 16, 13, 14, 19, 20, 17, 18, 23, 
          24, 21, 22, 27, 1, 25, 26, 3, 28 ], 
      [ 1, 26, 3, 4, 28, 2, 7, 8, 5, 6, 11, 12, 9, 10, 15, 16, 13, 14, 19, 
          20, 17, 18, 23, 24, 21, 22, 27, 25 ], 
      [ 1, 26, 3, 4, 28, 2, 7, 8, 5, 6, 11, 12, 9, 10, 15, 16, 13, 14, 19, 
          20, 17, 18, 23, 24, 21, 22, 27, 25 ], 
      [ 4, 2, 7, 8, 5, 6, 11, 12, 9, 10, 15, 16, 13, 14, 19, 20, 17, 18, 23, 
          24, 21, 22, 27, 1, 25, 26, 3, 28 ], 
      [ 4, 2, 7, 8, 5, 6, 11, 12, 9, 10, 15, 16, 13, 14, 19, 20, 17, 18, 23, 
          24, 21, 22, 27, 1, 25, 26, 3, 28 ], 
      [ 1, 26, 3, 4, 28, 2, 7, 8, 5, 6, 11, 12, 9, 10, 15, 16, 13, 14, 19, 
          20, 17, 18, 23, 24, 21, 22, 27, 25 ], 
      [ 4, 2, 7, 8, 5, 6, 11, 12, 9, 10, 15, 16, 13, 14, 19, 20, 17, 18, 23, 
          24, 21, 22, 27, 1, 25, 26, 3, 28 ] ],
  ordFix := 14,
  ordf := 7,
  psi := GroupGeneralMappingByImages( Group( 
    [ ( 2, 7)( 3, 6)( 4, 5)( 8, 9,10,11), ( 8,10)( 9,11), (1,2,3,4,5,6,7) 
     ] ), Group( [ ( 2, 7)( 3, 6)( 4, 5)( 8, 9,10,11), ( 8,10)( 9,11), 
      (1,2,3,4,5,6,7) ] ), [ ( 2, 7)( 3, 6)( 4, 5)( 8, 9,10,11), 
      ( 8,10)( 9,11), (1,2,3,4,5,6,7) ], 
    [ ( 1, 7)( 2, 6)( 3, 5)( 8, 9,10,11), ( 8,10)( 9,11), (1,2,3,4,5,6,7) ] ) 
 ),
# No.20
rec(
  G := Group( [ ( 2, 7)( 3, 6)( 4, 5)( 8, 9,10,11), ( 8,10)( 9,11), 
      (1,2,3,4,5,6,7) ] ),
  isConnected := false,
  matrix := 
   [ [ 1, 28, 3, 4, 26, 5, 7, 8, 2, 9, 11, 12, 6, 13, 15, 16, 10, 17, 19, 20, 
          14, 21, 23, 24, 18, 25, 27, 22 ], 
      [ 7, 2, 4, 11, 5, 6, 8, 15, 9, 10, 12, 19, 13, 14, 16, 23, 17, 18, 20, 
          27, 21, 22, 24, 3, 25, 26, 1, 28 ], 
      [ 1, 28, 3, 4, 26, 5, 7, 8, 2, 9, 11, 12, 6, 13, 15, 16, 10, 17, 19, 
          20, 14, 21, 23, 24, 18, 25, 27, 22 ], 
      [ 1, 28, 3, 4, 26, 5, 7, 8, 2, 9, 11, 12, 6, 13, 15, 16, 10, 17, 19, 
          20, 14, 21, 23, 24, 18, 25, 27, 22 ], 
      [ 7, 2, 4, 11, 5, 6, 8, 15, 9, 10, 12, 19, 13, 14, 16, 23, 17, 18, 20, 
          27, 21, 22, 24, 3, 25, 26, 1, 28 ], 
      [ 7, 2, 4, 11, 5, 6, 8, 15, 9, 10, 12, 19, 13, 14, 16, 23, 17, 18, 20, 
          27, 21, 22, 24, 3, 25, 26, 1, 28 ], 
      [ 1, 28, 3, 4, 26, 5, 7, 8, 2, 9, 11, 12, 6, 13, 15, 16, 10, 17, 19, 
          20, 14, 21, 23, 24, 18, 25, 27, 22 ], 
      [ 1, 28, 3, 4, 26, 5, 7, 8, 2, 9, 11, 12, 6, 13, 15, 16, 10, 17, 19, 
          20, 14, 21, 23, 24, 18, 25, 27, 22 ], 
      [ 7, 2, 4, 11, 5, 6, 8, 15, 9, 10, 12, 19, 13, 14, 16, 23, 17, 18, 20, 
          27, 21, 22, 24, 3, 25, 26, 1, 28 ], 
      [ 7, 2, 4, 11, 5, 6, 8, 15, 9, 10, 12, 19, 13, 14, 16, 23, 17, 18, 20, 
          27, 21, 22, 24, 3, 25, 26, 1, 28 ], 
      [ 1, 28, 3, 4, 26, 5, 7, 8, 2, 9, 11, 12, 6, 13, 15, 16, 10, 17, 19, 
          20, 14, 21, 23, 24, 18, 25, 27, 22 ], 
      [ 1, 28, 3, 4, 26, 5, 7, 8, 2, 9, 11, 12, 6, 13, 15, 16, 10, 17, 19, 
          20, 14, 21, 23, 24, 18, 25, 27, 22 ], 
      [ 7, 2, 4, 11, 5, 6, 8, 15, 9, 10, 12, 19, 13, 14, 16, 23, 17, 18, 20, 
          27, 21, 22, 24, 3, 25, 26, 1, 28 ], 
      [ 7, 2, 4, 11, 5, 6, 8, 15, 9, 10, 12, 19, 13, 14, 16, 23, 17, 18, 20, 
          27, 21, 22, 24, 3, 25, 26, 1, 28 ], 
      [ 1, 28, 3, 4, 26, 5, 7, 8, 2, 9, 11, 12, 6, 13, 15, 16, 10, 17, 19, 
          20, 14, 21, 23, 24, 18, 25, 27, 22 ], 
      [ 1, 28, 3, 4, 26, 5, 7, 8, 2, 9, 11, 12, 6, 13, 15, 16, 10, 17, 19, 
          20, 14, 21, 23, 24, 18, 25, 27, 22 ], 
      [ 7, 2, 4, 11, 5, 6, 8, 15, 9, 10, 12, 19, 13, 14, 16, 23, 17, 18, 20, 
          27, 21, 22, 24, 3, 25, 26, 1, 28 ], 
      [ 7, 2, 4, 11, 5, 6, 8, 15, 9, 10, 12, 19, 13, 14, 16, 23, 17, 18, 20, 
          27, 21, 22, 24, 3, 25, 26, 1, 28 ], 
      [ 1, 28, 3, 4, 26, 5, 7, 8, 2, 9, 11, 12, 6, 13, 15, 16, 10, 17, 19, 
          20, 14, 21, 23, 24, 18, 25, 27, 22 ], 
      [ 1, 28, 3, 4, 26, 5, 7, 8, 2, 9, 11, 12, 6, 13, 15, 16, 10, 17, 19, 
          20, 14, 21, 23, 24, 18, 25, 27, 22 ], 
      [ 7, 2, 4, 11, 5, 6, 8, 15, 9, 10, 12, 19, 13, 14, 16, 23, 17, 18, 20, 
          27, 21, 22, 24, 3, 25, 26, 1, 28 ], 
      [ 7, 2, 4, 11, 5, 6, 8, 15, 9, 10, 12, 19, 13, 14, 16, 23, 17, 18, 20, 
          27, 21, 22, 24, 3, 25, 26, 1, 28 ], 
      [ 1, 28, 3, 4, 26, 5, 7, 8, 2, 9, 11, 12, 6, 13, 15, 16, 10, 17, 19, 
          20, 14, 21, 23, 24, 18, 25, 27, 22 ], 
      [ 1, 28, 3, 4, 26, 5, 7, 8, 2, 9, 11, 12, 6, 13, 15, 16, 10, 17, 19, 
          20, 14, 21, 23, 24, 18, 25, 27, 22 ], 
      [ 7, 2, 4, 11, 5, 6, 8, 15, 9, 10, 12, 19, 13, 14, 16, 23, 17, 18, 20, 
          27, 21, 22, 24, 3, 25, 26, 1, 28 ], 
      [ 7, 2, 4, 11, 5, 6, 8, 15, 9, 10, 12, 19, 13, 14, 16, 23, 17, 18, 20, 
          27, 21, 22, 24, 3, 25, 26, 1, 28 ], 
      [ 1, 28, 3, 4, 26, 5, 7, 8, 2, 9, 11, 12, 6, 13, 15, 16, 10, 17, 19, 
          20, 14, 21, 23, 24, 18, 25, 27, 22 ], 
      [ 7, 2, 4, 11, 5, 6, 8, 15, 9, 10, 12, 19, 13, 14, 16, 23, 17, 18, 20, 
          27, 21, 22, 24, 3, 25, 26, 1, 28 ] ],
  ordFix := 14,
  ordf := 14,
  psi := GroupGeneralMappingByImages( Group( 
    [ ( 2, 7)( 3, 6)( 4, 5)( 8, 9,10,11), ( 8,10)( 9,11), (1,2,3,4,5,6,7) 
     ] ), Group( [ ( 2, 7)( 3, 6)( 4, 5)( 8, 9,10,11), ( 8,10)( 9,11), 
      (1,2,3,4,5,6,7) ] ), [ ( 2, 7)( 3, 6)( 4, 5)( 8, 9,10,11), 
      ( 8,10)( 9,11), (1,2,3,4,5,6,7) ], 
    [ ( 1, 7)( 2, 6)( 3, 5)( 8,11,10, 9), ( 8,10)( 9,11), (1,2,3,4,5,6,7) ] ) 
 ),
]; 
### end of file ###