# 
# computed by Jin Kosaka and Hirotake Kurihara 
# using gap 4.12.2 
# 
GAQ_20 :=
[
# No.1
rec(
  G := Group( [ (1,2,3,4), (5,6,7,8,9) ] ),
  isConnected := false,
  matrix := 
   [ [ 1, 2, 3, 4, 5, 6, 7, 8, 9, 10, 11, 12, 13, 14, 15, 16, 17, 18, 19, 20 ]
        , [ 1, 2, 3, 4, 5, 6, 7, 8, 9, 10, 11, 12, 13, 14, 15, 16, 17, 18, 
          19, 20 ], 
      [ 1, 2, 3, 4, 5, 6, 7, 8, 9, 10, 11, 12, 13, 14, 15, 16, 17, 18, 19, 20 
         ], [ 1, 2, 3, 4, 5, 6, 7, 8, 9, 10, 11, 12, 13, 14, 15, 16, 17, 18, 
          19, 20 ], 
      [ 1, 2, 3, 4, 5, 6, 7, 8, 9, 10, 11, 12, 13, 14, 15, 16, 17, 18, 19, 20 
         ], [ 1, 2, 3, 4, 5, 6, 7, 8, 9, 10, 11, 12, 13, 14, 15, 16, 17, 18, 
          19, 20 ], 
      [ 1, 2, 3, 4, 5, 6, 7, 8, 9, 10, 11, 12, 13, 14, 15, 16, 17, 18, 19, 20 
         ], [ 1, 2, 3, 4, 5, 6, 7, 8, 9, 10, 11, 12, 13, 14, 15, 16, 17, 18, 
          19, 20 ], 
      [ 1, 2, 3, 4, 5, 6, 7, 8, 9, 10, 11, 12, 13, 14, 15, 16, 17, 18, 19, 20 
         ], [ 1, 2, 3, 4, 5, 6, 7, 8, 9, 10, 11, 12, 13, 14, 15, 16, 17, 18, 
          19, 20 ], 
      [ 1, 2, 3, 4, 5, 6, 7, 8, 9, 10, 11, 12, 13, 14, 15, 16, 17, 18, 19, 20 
         ], [ 1, 2, 3, 4, 5, 6, 7, 8, 9, 10, 11, 12, 13, 14, 15, 16, 17, 18, 
          19, 20 ], 
      [ 1, 2, 3, 4, 5, 6, 7, 8, 9, 10, 11, 12, 13, 14, 15, 16, 17, 18, 19, 20 
         ], [ 1, 2, 3, 4, 5, 6, 7, 8, 9, 10, 11, 12, 13, 14, 15, 16, 17, 18, 
          19, 20 ], 
      [ 1, 2, 3, 4, 5, 6, 7, 8, 9, 10, 11, 12, 13, 14, 15, 16, 17, 18, 19, 20 
         ], [ 1, 2, 3, 4, 5, 6, 7, 8, 9, 10, 11, 12, 13, 14, 15, 16, 17, 18, 
          19, 20 ], 
      [ 1, 2, 3, 4, 5, 6, 7, 8, 9, 10, 11, 12, 13, 14, 15, 16, 17, 18, 19, 20 
         ], [ 1, 2, 3, 4, 5, 6, 7, 8, 9, 10, 11, 12, 13, 14, 15, 16, 17, 18, 
          19, 20 ], 
      [ 1, 2, 3, 4, 5, 6, 7, 8, 9, 10, 11, 12, 13, 14, 15, 16, 17, 18, 19, 20 
         ], [ 1, 2, 3, 4, 5, 6, 7, 8, 9, 10, 11, 12, 13, 14, 15, 16, 17, 18, 
          19, 20 ] ],
  ordFix := 20,
  ordf := 1,
  psi := GroupHomomorphismByImages( Group( [ (1,2,3,4), (5,6,7,8,9) 
     ] ), Group( [ (1,2,3,4), (5,6,7,8,9) ] ), [ (1,2,3,4), (5,6,7,8,9) ], 
    [ (1,2,3,4), (5,6,7,8,9) ] ) ),
# No.2
rec(
  G := Group( [ (1,2,3,4), (5,6,7,8,9) ] ),
  isConnected := false,
  matrix := 
   [ [ 1, 6, 3, 4, 10, 2, 7, 8, 14, 5, 11, 12, 18, 9, 15, 16, 20, 13, 19, 17 ]
        , [ 4, 2, 8, 1, 5, 6, 12, 3, 9, 10, 16, 7, 13, 14, 19, 11, 17, 18, 
          15, 20 ], 
      [ 1, 6, 3, 4, 10, 2, 7, 8, 14, 5, 11, 12, 18, 9, 15, 16, 20, 13, 19, 17 
         ], [ 1, 6, 3, 4, 10, 2, 7, 8, 14, 5, 11, 12, 18, 9, 15, 16, 20, 13, 
          19, 17 ], 
      [ 4, 2, 8, 1, 5, 6, 12, 3, 9, 10, 16, 7, 13, 14, 19, 11, 17, 18, 15, 20 
         ], [ 4, 2, 8, 1, 5, 6, 12, 3, 9, 10, 16, 7, 13, 14, 19, 11, 17, 18, 
          15, 20 ], 
      [ 1, 6, 3, 4, 10, 2, 7, 8, 14, 5, 11, 12, 18, 9, 15, 16, 20, 13, 19, 17 
         ], [ 1, 6, 3, 4, 10, 2, 7, 8, 14, 5, 11, 12, 18, 9, 15, 16, 20, 13, 
          19, 17 ], 
      [ 4, 2, 8, 1, 5, 6, 12, 3, 9, 10, 16, 7, 13, 14, 19, 11, 17, 18, 15, 20 
         ], [ 4, 2, 8, 1, 5, 6, 12, 3, 9, 10, 16, 7, 13, 14, 19, 11, 17, 18, 
          15, 20 ], 
      [ 1, 6, 3, 4, 10, 2, 7, 8, 14, 5, 11, 12, 18, 9, 15, 16, 20, 13, 19, 17 
         ], [ 1, 6, 3, 4, 10, 2, 7, 8, 14, 5, 11, 12, 18, 9, 15, 16, 20, 13, 
          19, 17 ], 
      [ 4, 2, 8, 1, 5, 6, 12, 3, 9, 10, 16, 7, 13, 14, 19, 11, 17, 18, 15, 20 
         ], [ 4, 2, 8, 1, 5, 6, 12, 3, 9, 10, 16, 7, 13, 14, 19, 11, 17, 18, 
          15, 20 ], 
      [ 1, 6, 3, 4, 10, 2, 7, 8, 14, 5, 11, 12, 18, 9, 15, 16, 20, 13, 19, 17 
         ], [ 1, 6, 3, 4, 10, 2, 7, 8, 14, 5, 11, 12, 18, 9, 15, 16, 20, 13, 
          19, 17 ], 
      [ 4, 2, 8, 1, 5, 6, 12, 3, 9, 10, 16, 7, 13, 14, 19, 11, 17, 18, 15, 20 
         ], [ 4, 2, 8, 1, 5, 6, 12, 3, 9, 10, 16, 7, 13, 14, 19, 11, 17, 18, 
          15, 20 ], 
      [ 1, 6, 3, 4, 10, 2, 7, 8, 14, 5, 11, 12, 18, 9, 15, 16, 20, 13, 19, 17 
         ], [ 4, 2, 8, 1, 5, 6, 12, 3, 9, 10, 16, 7, 13, 14, 19, 11, 17, 18, 
          15, 20 ] ],
  ordFix := 10,
  ordf := 2,
  psi := GroupHomomorphismByImages( Group( [ (1,2,3,4), (5,6,7,8,9) 
     ] ), Group( [ (1,2,3,4), (5,6,7,8,9) ] ), [ (1,2,3,4), (5,6,7,8,9) ], 
    [ (1,4,3,2), (5,6,7,8,9) ] ) ),
# No.3
rec(
  G := Group( [ (1,2), (3,4), (5,6,7,8,9) ] ),
  isConnected := false,
  matrix := 
   [ [ 1, 3, 5, 4, 2, 7, 9, 8, 6, 11, 13, 12, 10, 15, 17, 16, 14, 19, 20, 18 ]
        , [ 5, 2, 1, 9, 3, 6, 4, 13, 7, 10, 8, 17, 11, 14, 12, 20, 15, 18, 
          16, 19 ], 
      [ 2, 5, 3, 6, 1, 9, 7, 10, 4, 13, 11, 14, 8, 17, 15, 18, 12, 20, 19, 16 
         ], [ 1, 3, 5, 4, 2, 7, 9, 8, 6, 11, 13, 12, 10, 15, 17, 16, 14, 19, 
          20, 18 ], 
      [ 3, 1, 2, 7, 5, 4, 6, 11, 9, 8, 10, 15, 13, 12, 14, 19, 17, 16, 18, 20 
         ], [ 5, 2, 1, 9, 3, 6, 4, 13, 7, 10, 8, 17, 11, 14, 12, 20, 15, 18, 
          16, 19 ], 
      [ 2, 5, 3, 6, 1, 9, 7, 10, 4, 13, 11, 14, 8, 17, 15, 18, 12, 20, 19, 16 
         ], [ 1, 3, 5, 4, 2, 7, 9, 8, 6, 11, 13, 12, 10, 15, 17, 16, 14, 19, 
          20, 18 ], 
      [ 3, 1, 2, 7, 5, 4, 6, 11, 9, 8, 10, 15, 13, 12, 14, 19, 17, 16, 18, 20 
         ], [ 5, 2, 1, 9, 3, 6, 4, 13, 7, 10, 8, 17, 11, 14, 12, 20, 15, 18, 
          16, 19 ], 
      [ 2, 5, 3, 6, 1, 9, 7, 10, 4, 13, 11, 14, 8, 17, 15, 18, 12, 20, 19, 16 
         ], [ 1, 3, 5, 4, 2, 7, 9, 8, 6, 11, 13, 12, 10, 15, 17, 16, 14, 19, 
          20, 18 ], 
      [ 3, 1, 2, 7, 5, 4, 6, 11, 9, 8, 10, 15, 13, 12, 14, 19, 17, 16, 18, 20 
         ], [ 5, 2, 1, 9, 3, 6, 4, 13, 7, 10, 8, 17, 11, 14, 12, 20, 15, 18, 
          16, 19 ], 
      [ 2, 5, 3, 6, 1, 9, 7, 10, 4, 13, 11, 14, 8, 17, 15, 18, 12, 20, 19, 16 
         ], [ 1, 3, 5, 4, 2, 7, 9, 8, 6, 11, 13, 12, 10, 15, 17, 16, 14, 19, 
          20, 18 ], 
      [ 3, 1, 2, 7, 5, 4, 6, 11, 9, 8, 10, 15, 13, 12, 14, 19, 17, 16, 18, 20 
         ], [ 5, 2, 1, 9, 3, 6, 4, 13, 7, 10, 8, 17, 11, 14, 12, 20, 15, 18, 
          16, 19 ], 
      [ 2, 5, 3, 6, 1, 9, 7, 10, 4, 13, 11, 14, 8, 17, 15, 18, 12, 20, 19, 16 
         ], [ 3, 1, 2, 7, 5, 4, 6, 11, 9, 8, 10, 15, 13, 12, 14, 19, 17, 16, 
          18, 20 ] ],
  ordFix := 5,
  ordf := 3,
  psi := GroupHomomorphismByImages( Group( [ (1,2), (3,4), (5,6,7,8,9) 
     ] ), Group( [ (1,2), (3,4), (5,6,7,8,9) ] ), [ (1,2), (3,4), (5,6,7,8,9) 
     ], [ (1,2)(3,4), (1,2), (5,6,7,8,9) ] ) ),
# No.4
rec(
  G := Group( [ (1,2,3,4), (5,6,7,8,9) ] ),
  isConnected := false,
  matrix := 
   [ [ 1, 2, 7, 4, 9, 6, 15, 12, 17, 14, 3, 19, 5, 20, 11, 8, 13, 10, 16, 18 ]
        , [ 1, 2, 7, 4, 9, 6, 15, 12, 17, 14, 3, 19, 5, 20, 11, 8, 13, 10, 
          16, 18 ], 
      [ 15, 17, 3, 19, 5, 20, 11, 8, 13, 10, 1, 16, 2, 18, 7, 4, 9, 6, 12, 14 
         ], [ 1, 2, 7, 4, 9, 6, 15, 12, 17, 14, 3, 19, 5, 20, 11, 8, 13, 10, 
          16, 18 ], 
      [ 15, 17, 3, 19, 5, 20, 11, 8, 13, 10, 1, 16, 2, 18, 7, 4, 9, 6, 12, 14 
         ], [ 1, 2, 7, 4, 9, 6, 15, 12, 17, 14, 3, 19, 5, 20, 11, 8, 13, 10, 
          16, 18 ], 
      [ 11, 13, 1, 16, 2, 18, 7, 4, 9, 6, 15, 12, 17, 14, 3, 19, 5, 20, 8, 10 
         ], [ 15, 17, 3, 19, 5, 20, 11, 8, 13, 10, 1, 16, 2, 18, 7, 4, 9, 6, 
          12, 14 ], 
      [ 11, 13, 1, 16, 2, 18, 7, 4, 9, 6, 15, 12, 17, 14, 3, 19, 5, 20, 8, 10 
         ], [ 15, 17, 3, 19, 5, 20, 11, 8, 13, 10, 1, 16, 2, 18, 7, 4, 9, 6, 
          12, 14 ], 
      [ 7, 9, 15, 12, 17, 14, 3, 19, 5, 20, 11, 8, 13, 10, 1, 16, 2, 18, 4, 6 
         ], [ 11, 13, 1, 16, 2, 18, 7, 4, 9, 6, 15, 12, 17, 14, 3, 19, 5, 20, 
          8, 10 ], 
      [ 7, 9, 15, 12, 17, 14, 3, 19, 5, 20, 11, 8, 13, 10, 1, 16, 2, 18, 4, 6 
         ], [ 11, 13, 1, 16, 2, 18, 7, 4, 9, 6, 15, 12, 17, 14, 3, 19, 5, 20, 
          8, 10 ], 
      [ 3, 5, 11, 8, 13, 10, 1, 16, 2, 18, 7, 4, 9, 6, 15, 12, 17, 14, 19, 20 
         ], 
      [ 7, 9, 15, 12, 17, 14, 3, 19, 5, 20, 11, 8, 13, 10, 1, 16, 2, 18, 4, 6 
         ], [ 3, 5, 11, 8, 13, 10, 1, 16, 2, 18, 7, 4, 9, 6, 15, 12, 17, 14, 
          19, 20 ], 
      [ 7, 9, 15, 12, 17, 14, 3, 19, 5, 20, 11, 8, 13, 10, 1, 16, 2, 18, 4, 6 
         ], [ 3, 5, 11, 8, 13, 10, 1, 16, 2, 18, 7, 4, 9, 6, 15, 12, 17, 14, 
          19, 20 ], 
      [ 3, 5, 11, 8, 13, 10, 1, 16, 2, 18, 7, 4, 9, 6, 15, 12, 17, 14, 19, 20 
         ] ],
  ordFix := 4,
  ordf := 4,
  psi := GroupHomomorphismByImages( Group( [ (1,2,3,4), (5,6,7,8,9) 
     ] ), Group( [ (1,2,3,4), (5,6,7,8,9) ] ), [ (1,2,3,4), (5,6,7,8,9) ], 
    [ (1,2,3,4), (5,7,9,6,8) ] ) ),
# No.5
rec(
  G := Group( [ (1,2,3,4), (5,6,7,8,9) ] ),
  isConnected := false,
  matrix := 
   [ [ 1, 2, 11, 4, 13, 6, 3, 16, 5, 18, 15, 8, 17, 10, 7, 19, 9, 20, 12, 14 ]
        , [ 1, 2, 11, 4, 13, 6, 3, 16, 5, 18, 15, 8, 17, 10, 7, 19, 9, 20, 
          12, 14 ], 
      [ 11, 13, 3, 16, 5, 18, 15, 8, 17, 10, 7, 19, 9, 20, 1, 12, 2, 14, 4, 6 
         ], [ 1, 2, 11, 4, 13, 6, 3, 16, 5, 18, 15, 8, 17, 10, 7, 19, 9, 20, 
          12, 14 ], 
      [ 11, 13, 3, 16, 5, 18, 15, 8, 17, 10, 7, 19, 9, 20, 1, 12, 2, 14, 4, 6 
         ], [ 1, 2, 11, 4, 13, 6, 3, 16, 5, 18, 15, 8, 17, 10, 7, 19, 9, 20, 
          12, 14 ], 
      [ 3, 5, 15, 8, 17, 10, 7, 19, 9, 20, 1, 12, 2, 14, 11, 4, 13, 6, 16, 18 
         ], 
      [ 11, 13, 3, 16, 5, 18, 15, 8, 17, 10, 7, 19, 9, 20, 1, 12, 2, 14, 4, 6 
         ], [ 3, 5, 15, 8, 17, 10, 7, 19, 9, 20, 1, 12, 2, 14, 11, 4, 13, 6, 
          16, 18 ], 
      [ 11, 13, 3, 16, 5, 18, 15, 8, 17, 10, 7, 19, 9, 20, 1, 12, 2, 14, 4, 6 
         ], [ 15, 17, 7, 19, 9, 20, 1, 12, 2, 14, 11, 4, 13, 6, 3, 16, 5, 18, 
          8, 10 ], 
      [ 3, 5, 15, 8, 17, 10, 7, 19, 9, 20, 1, 12, 2, 14, 11, 4, 13, 6, 16, 18 
         ], [ 15, 17, 7, 19, 9, 20, 1, 12, 2, 14, 11, 4, 13, 6, 3, 16, 5, 18, 
          8, 10 ], 
      [ 3, 5, 15, 8, 17, 10, 7, 19, 9, 20, 1, 12, 2, 14, 11, 4, 13, 6, 16, 18 
         ], [ 7, 9, 1, 12, 2, 14, 11, 4, 13, 6, 3, 16, 5, 18, 15, 8, 17, 10, 
          19, 20 ], 
      [ 15, 17, 7, 19, 9, 20, 1, 12, 2, 14, 11, 4, 13, 6, 3, 16, 5, 18, 8, 10 
         ], [ 7, 9, 1, 12, 2, 14, 11, 4, 13, 6, 3, 16, 5, 18, 15, 8, 17, 10, 
          19, 20 ], 
      [ 15, 17, 7, 19, 9, 20, 1, 12, 2, 14, 11, 4, 13, 6, 3, 16, 5, 18, 8, 10 
         ], [ 7, 9, 1, 12, 2, 14, 11, 4, 13, 6, 3, 16, 5, 18, 15, 8, 17, 10, 
          19, 20 ], 
      [ 7, 9, 1, 12, 2, 14, 11, 4, 13, 6, 3, 16, 5, 18, 15, 8, 17, 10, 19, 20 
         ] ],
  ordFix := 4,
  ordf := 4,
  psi := GroupHomomorphismByImages( Group( [ (1,2,3,4), (5,6,7,8,9) 
     ] ), Group( [ (1,2,3,4), (5,6,7,8,9) ] ), [ (1,2,3,4), (5,6,7,8,9) ], 
    [ (1,2,3,4), (5,8,6,9,7) ] ) ),
# No.6
rec(
  G := Group( [ (1,2,3,4), (5,6,7,8,9) ] ),
  isConnected := false,
  matrix := 
   [ [ 1, 2, 15, 4, 17, 6, 11, 19, 13, 20, 7, 16, 9, 18, 3, 12, 5, 14, 8, 10 ]
        , [ 1, 2, 15, 4, 17, 6, 11, 19, 13, 20, 7, 16, 9, 18, 3, 12, 5, 14, 
          8, 10 ], 
      [ 7, 9, 3, 12, 5, 14, 1, 8, 2, 10, 15, 4, 17, 6, 11, 19, 13, 20, 16, 18 
         ], [ 1, 2, 15, 4, 17, 6, 11, 19, 13, 20, 7, 16, 9, 18, 3, 12, 5, 14, 
          8, 10 ], 
      [ 7, 9, 3, 12, 5, 14, 1, 8, 2, 10, 15, 4, 17, 6, 11, 19, 13, 20, 16, 18 
         ], [ 1, 2, 15, 4, 17, 6, 11, 19, 13, 20, 7, 16, 9, 18, 3, 12, 5, 14, 
          8, 10 ], 
      [ 15, 17, 11, 19, 13, 20, 7, 16, 9, 18, 3, 12, 5, 14, 1, 8, 2, 10, 4, 6 
         ], [ 7, 9, 3, 12, 5, 14, 1, 8, 2, 10, 15, 4, 17, 6, 11, 19, 13, 20, 
          16, 18 ], 
      [ 15, 17, 11, 19, 13, 20, 7, 16, 9, 18, 3, 12, 5, 14, 1, 8, 2, 10, 4, 6 
         ], [ 7, 9, 3, 12, 5, 14, 1, 8, 2, 10, 15, 4, 17, 6, 11, 19, 13, 20, 
          16, 18 ], 
      [ 3, 5, 1, 8, 2, 10, 15, 4, 17, 6, 11, 19, 13, 20, 7, 16, 9, 18, 12, 14 
         ], 
      [ 15, 17, 11, 19, 13, 20, 7, 16, 9, 18, 3, 12, 5, 14, 1, 8, 2, 10, 4, 6 
         ], [ 3, 5, 1, 8, 2, 10, 15, 4, 17, 6, 11, 19, 13, 20, 7, 16, 9, 18, 
          12, 14 ], 
      [ 15, 17, 11, 19, 13, 20, 7, 16, 9, 18, 3, 12, 5, 14, 1, 8, 2, 10, 4, 6 
         ], [ 11, 13, 7, 16, 9, 18, 3, 12, 5, 14, 1, 8, 2, 10, 15, 4, 17, 6, 
          19, 20 ], 
      [ 3, 5, 1, 8, 2, 10, 15, 4, 17, 6, 11, 19, 13, 20, 7, 16, 9, 18, 12, 14 
         ], [ 11, 13, 7, 16, 9, 18, 3, 12, 5, 14, 1, 8, 2, 10, 15, 4, 17, 6, 
          19, 20 ], 
      [ 3, 5, 1, 8, 2, 10, 15, 4, 17, 6, 11, 19, 13, 20, 7, 16, 9, 18, 12, 14 
         ], [ 11, 13, 7, 16, 9, 18, 3, 12, 5, 14, 1, 8, 2, 10, 15, 4, 17, 6, 
          19, 20 ], 
      [ 11, 13, 7, 16, 9, 18, 3, 12, 5, 14, 1, 8, 2, 10, 15, 4, 17, 6, 19, 20 
         ] ],
  ordFix := 4,
  ordf := 2,
  psi := GroupHomomorphismByImages( Group( [ (1,2,3,4), (5,6,7,8,9) 
     ] ), Group( [ (1,2,3,4), (5,6,7,8,9) ] ), [ (1,2,3,4), (5,6,7,8,9) ], 
    [ (1,2,3,4), (5,9,8,7,6) ] ) ),
# No.7
rec(
  G := Group( [ (1,2,3,4), (5,6,7,8,9) ] ),
  isConnected := false,
  matrix := 
   [ [ 1, 6, 7, 4, 14, 2, 15, 12, 20, 9, 3, 19, 10, 17, 11, 8, 18, 5, 16, 13 ]
        , [ 4, 2, 12, 1, 9, 6, 19, 7, 17, 14, 8, 15, 5, 20, 16, 3, 13, 10, 
          11, 18 ], 
      [ 15, 20, 3, 19, 10, 17, 11, 8, 18, 5, 1, 16, 6, 13, 7, 4, 14, 2, 12, 9 
         ], [ 1, 6, 7, 4, 14, 2, 15, 12, 20, 9, 3, 19, 10, 17, 11, 8, 18, 5, 
          16, 13 ], 
      [ 19, 17, 8, 15, 5, 20, 16, 3, 13, 10, 4, 11, 2, 18, 12, 1, 9, 6, 7, 14 
         ], [ 4, 2, 12, 1, 9, 6, 19, 7, 17, 14, 8, 15, 5, 20, 16, 3, 13, 10, 
          11, 18 ], 
      [ 11, 18, 1, 16, 6, 13, 7, 4, 14, 2, 15, 12, 20, 9, 3, 19, 10, 17, 8, 5 
         ], [ 15, 20, 3, 19, 10, 17, 11, 8, 18, 5, 1, 16, 6, 13, 7, 4, 14, 2, 
          12, 9 ], 
      [ 16, 13, 4, 11, 2, 18, 12, 1, 9, 6, 19, 7, 17, 14, 8, 15, 5, 20, 3, 10 
         ], [ 19, 17, 8, 15, 5, 20, 16, 3, 13, 10, 4, 11, 2, 18, 12, 1, 9, 6, 
          7, 14 ], 
      [ 7, 14, 15, 12, 20, 9, 3, 19, 10, 17, 11, 8, 18, 5, 1, 16, 6, 13, 4, 2 
         ], 
      [ 11, 18, 1, 16, 6, 13, 7, 4, 14, 2, 15, 12, 20, 9, 3, 19, 10, 17, 8, 5 
         ], 
      [ 12, 9, 19, 7, 17, 14, 8, 15, 5, 20, 16, 3, 13, 10, 4, 11, 2, 18, 1, 6 
         ], [ 16, 13, 4, 11, 2, 18, 12, 1, 9, 6, 19, 7, 17, 14, 8, 15, 5, 20, 
          3, 10 ], 
      [ 3, 10, 11, 8, 18, 5, 1, 16, 6, 13, 7, 4, 14, 2, 15, 12, 20, 9, 19, 17 
         ], 
      [ 7, 14, 15, 12, 20, 9, 3, 19, 10, 17, 11, 8, 18, 5, 1, 16, 6, 13, 4, 2 
         ], [ 8, 5, 16, 3, 13, 10, 4, 11, 2, 18, 12, 1, 9, 6, 19, 7, 17, 14, 
          15, 20 ], 
      [ 12, 9, 19, 7, 17, 14, 8, 15, 5, 20, 16, 3, 13, 10, 4, 11, 2, 18, 1, 6 
         ], [ 3, 10, 11, 8, 18, 5, 1, 16, 6, 13, 7, 4, 14, 2, 15, 12, 20, 9, 
          19, 17 ], 
      [ 8, 5, 16, 3, 13, 10, 4, 11, 2, 18, 12, 1, 9, 6, 19, 7, 17, 14, 15, 20 
         ] ],
  ordFix := 2,
  ordf := 4,
  psi := GroupHomomorphismByImages( Group( [ (1,2,3,4), (5,6,7,8,9) 
     ] ), Group( [ (1,2,3,4), (5,6,7,8,9) ] ), [ (1,2,3,4), (5,6,7,8,9) ], 
    [ (1,4,3,2), (5,7,9,6,8) ] ) ),
# No.8
rec(
  G := Group( [ (1,2,3,4), (5,6,7,8,9) ] ),
  isConnected := false,
  matrix := 
   [ [ 1, 6, 11, 4, 18, 2, 3, 16, 10, 13, 15, 8, 20, 5, 7, 19, 14, 17, 12, 9 ]
        , [ 4, 2, 16, 1, 13, 6, 8, 11, 5, 18, 19, 3, 17, 10, 12, 15, 9, 20, 
          7, 14 ], 
      [ 11, 18, 3, 16, 10, 13, 15, 8, 20, 5, 7, 19, 14, 17, 1, 12, 6, 9, 4, 2 
         ], [ 1, 6, 11, 4, 18, 2, 3, 16, 10, 13, 15, 8, 20, 5, 7, 19, 14, 17, 
          12, 9 ], 
      [ 16, 13, 8, 11, 5, 18, 19, 3, 17, 10, 12, 15, 9, 20, 4, 7, 2, 14, 1, 6 
         ], [ 4, 2, 16, 1, 13, 6, 8, 11, 5, 18, 19, 3, 17, 10, 12, 15, 9, 20, 
          7, 14 ], 
      [ 3, 10, 15, 8, 20, 5, 7, 19, 14, 17, 1, 12, 6, 9, 11, 4, 18, 2, 16, 13 
         ], [ 11, 18, 3, 16, 10, 13, 15, 8, 20, 5, 7, 19, 14, 17, 1, 12, 6, 
          9, 4, 2 ], 
      [ 8, 5, 19, 3, 17, 10, 12, 15, 9, 20, 4, 7, 2, 14, 16, 1, 13, 6, 11, 18 
         ], 
      [ 16, 13, 8, 11, 5, 18, 19, 3, 17, 10, 12, 15, 9, 20, 4, 7, 2, 14, 1, 6 
         ], 
      [ 15, 20, 7, 19, 14, 17, 1, 12, 6, 9, 11, 4, 18, 2, 3, 16, 10, 13, 8, 5 
         ], [ 3, 10, 15, 8, 20, 5, 7, 19, 14, 17, 1, 12, 6, 9, 11, 4, 18, 2, 
          16, 13 ], 
      [ 19, 17, 12, 15, 9, 20, 4, 7, 2, 14, 16, 1, 13, 6, 8, 11, 5, 18, 3, 10 
         ], [ 8, 5, 19, 3, 17, 10, 12, 15, 9, 20, 4, 7, 2, 14, 16, 1, 13, 6, 
          11, 18 ], 
      [ 7, 14, 1, 12, 6, 9, 11, 4, 18, 2, 3, 16, 10, 13, 15, 8, 20, 5, 19, 17 
         ], 
      [ 15, 20, 7, 19, 14, 17, 1, 12, 6, 9, 11, 4, 18, 2, 3, 16, 10, 13, 8, 5 
         ], [ 12, 9, 4, 7, 2, 14, 16, 1, 13, 6, 8, 11, 5, 18, 19, 3, 17, 10, 
          15, 20 ], 
      [ 19, 17, 12, 15, 9, 20, 4, 7, 2, 14, 16, 1, 13, 6, 8, 11, 5, 18, 3, 10 
         ], [ 7, 14, 1, 12, 6, 9, 11, 4, 18, 2, 3, 16, 10, 13, 15, 8, 20, 5, 
          19, 17 ], 
      [ 12, 9, 4, 7, 2, 14, 16, 1, 13, 6, 8, 11, 5, 18, 19, 3, 17, 10, 15, 20 
         ] ],
  ordFix := 2,
  ordf := 4,
  psi := GroupHomomorphismByImages( Group( [ (1,2,3,4), (5,6,7,8,9) 
     ] ), Group( [ (1,2,3,4), (5,6,7,8,9) ] ), [ (1,2,3,4), (5,6,7,8,9) ], 
    [ (1,4,3,2), (5,8,6,9,7) ] ) ),
# No.9
rec(
  G := Group( [ (1,2,3,4), (5,6,7,8,9) ] ),
  isConnected := false,
  matrix := 
   [ [ 1, 6, 15, 4, 20, 2, 11, 19, 18, 17, 7, 16, 14, 13, 3, 12, 10, 9, 8, 5 ]
        , [ 4, 2, 19, 1, 17, 6, 16, 15, 13, 20, 12, 11, 9, 18, 8, 7, 5, 14, 
          3, 10 ], 
      [ 7, 14, 3, 12, 10, 9, 1, 8, 6, 5, 15, 4, 20, 2, 11, 19, 18, 17, 16, 13 
         ], [ 1, 6, 15, 4, 20, 2, 11, 19, 18, 17, 7, 16, 14, 13, 3, 12, 10, 
          9, 8, 5 ], 
      [ 12, 9, 8, 7, 5, 14, 4, 3, 2, 10, 19, 1, 17, 6, 16, 15, 13, 20, 11, 18 
         ], [ 4, 2, 19, 1, 17, 6, 16, 15, 13, 20, 12, 11, 9, 18, 8, 7, 5, 14, 
          3, 10 ], 
      [ 15, 20, 11, 19, 18, 17, 7, 16, 14, 13, 3, 12, 10, 9, 1, 8, 6, 5, 4, 2 
         ], [ 7, 14, 3, 12, 10, 9, 1, 8, 6, 5, 15, 4, 20, 2, 11, 19, 18, 17, 
          16, 13 ], 
      [ 19, 17, 16, 15, 13, 20, 12, 11, 9, 18, 8, 7, 5, 14, 4, 3, 2, 10, 1, 6 
         ], [ 12, 9, 8, 7, 5, 14, 4, 3, 2, 10, 19, 1, 17, 6, 16, 15, 13, 20, 
          11, 18 ], 
      [ 3, 10, 1, 8, 6, 5, 15, 4, 20, 2, 11, 19, 18, 17, 7, 16, 14, 13, 12, 9 
         ], [ 15, 20, 11, 19, 18, 17, 7, 16, 14, 13, 3, 12, 10, 9, 1, 8, 6, 
          5, 4, 2 ], 
      [ 8, 5, 4, 3, 2, 10, 19, 1, 17, 6, 16, 15, 13, 20, 12, 11, 9, 18, 7, 14 
         ], 
      [ 19, 17, 16, 15, 13, 20, 12, 11, 9, 18, 8, 7, 5, 14, 4, 3, 2, 10, 1, 6 
         ], [ 11, 18, 7, 16, 14, 13, 3, 12, 10, 9, 1, 8, 6, 5, 15, 4, 20, 2, 
          19, 17 ], 
      [ 3, 10, 1, 8, 6, 5, 15, 4, 20, 2, 11, 19, 18, 17, 7, 16, 14, 13, 12, 9 
         ], [ 16, 13, 12, 11, 9, 18, 8, 7, 5, 14, 4, 3, 2, 10, 19, 1, 17, 6, 
          15, 20 ], 
      [ 8, 5, 4, 3, 2, 10, 19, 1, 17, 6, 16, 15, 13, 20, 12, 11, 9, 18, 7, 14 
         ], [ 11, 18, 7, 16, 14, 13, 3, 12, 10, 9, 1, 8, 6, 5, 15, 4, 20, 2, 
          19, 17 ], 
      [ 16, 13, 12, 11, 9, 18, 8, 7, 5, 14, 4, 3, 2, 10, 19, 1, 17, 6, 15, 20 
         ] ],
  ordFix := 2,
  ordf := 2,
  psi := GroupHomomorphismByImages( Group( [ (1,2,3,4), (5,6,7,8,9) 
     ] ), Group( [ (1,2,3,4), (5,6,7,8,9) ] ), [ (1,2,3,4), (5,6,7,8,9) ], 
    [ (1,4,3,2), (5,9,8,7,6) ] ) ),
# No.10
rec(
  G := Group( [ (1,2), (3,4), (5,6,7,8,9) ] ),
  isConnected := true,
  matrix := 
   [ [ 1, 3, 5, 8, 2, 11, 13, 16, 10, 19, 20, 4, 18, 7, 9, 12, 6, 15, 17, 14 ]
        , [ 5, 2, 1, 13, 3, 10, 8, 20, 11, 18, 16, 9, 19, 6, 4, 17, 7, 14, 
          12, 15 ], 
      [ 2, 5, 3, 10, 1, 13, 11, 18, 8, 20, 19, 6, 16, 9, 7, 14, 4, 17, 15, 12 
         ], [ 16, 19, 20, 4, 18, 7, 9, 12, 6, 15, 17, 1, 14, 3, 5, 8, 2, 11, 
          13, 10 ], 
      [ 3, 1, 2, 11, 5, 8, 10, 19, 13, 16, 18, 7, 20, 4, 6, 15, 9, 12, 14, 17 
         ], [ 20, 18, 16, 9, 19, 6, 4, 17, 7, 14, 12, 5, 15, 2, 1, 13, 3, 10, 
          8, 11 ], 
      [ 18, 20, 19, 6, 16, 9, 7, 14, 4, 17, 15, 2, 12, 5, 3, 10, 1, 13, 11, 8 
         ], [ 12, 15, 17, 1, 14, 3, 5, 8, 2, 11, 13, 16, 10, 19, 20, 4, 18, 
          7, 9, 6 ], 
      [ 19, 16, 18, 7, 20, 4, 6, 15, 9, 12, 14, 3, 17, 1, 2, 11, 5, 8, 10, 13 
         ], [ 17, 14, 12, 5, 15, 2, 1, 13, 3, 10, 8, 20, 11, 18, 16, 9, 19, 
          6, 4, 7 ], 
      [ 14, 17, 15, 2, 12, 5, 3, 10, 1, 13, 11, 18, 8, 20, 19, 6, 16, 9, 7, 4 
         ], [ 8, 11, 13, 16, 10, 19, 20, 4, 18, 7, 9, 12, 6, 15, 17, 1, 14, 
          3, 5, 2 ], 
      [ 15, 12, 14, 3, 17, 1, 2, 11, 5, 8, 10, 19, 13, 16, 18, 7, 20, 4, 6, 9 
         ], [ 13, 10, 8, 20, 11, 18, 16, 9, 19, 6, 4, 17, 7, 14, 12, 5, 15, 
          2, 1, 3 ], 
      [ 10, 13, 11, 18, 8, 20, 19, 6, 16, 9, 7, 14, 4, 17, 15, 2, 12, 5, 3, 1 
         ], [ 4, 7, 9, 12, 6, 15, 17, 1, 14, 3, 5, 8, 2, 11, 13, 16, 10, 19, 
          20, 18 ], 
      [ 11, 8, 10, 19, 13, 16, 18, 7, 20, 4, 6, 15, 9, 12, 14, 3, 17, 1, 2, 5 
         ], [ 9, 6, 4, 17, 7, 14, 12, 5, 15, 2, 1, 13, 3, 10, 8, 20, 11, 18, 
          16, 19 ], 
      [ 6, 9, 7, 14, 4, 17, 15, 2, 12, 5, 3, 10, 1, 13, 11, 18, 8, 20, 19, 16 
         ], [ 7, 4, 6, 15, 9, 12, 14, 3, 17, 1, 2, 11, 5, 8, 10, 19, 13, 16, 
          18, 20 ] ],
  ordFix := 1,
  ordf := 12,
  psi := GroupHomomorphismByImages( Group( [ (1,2), (3,4), (5,6,7,8,9) 
     ] ), Group( [ (1,2), (3,4), (5,6,7,8,9) ] ), [ (1,2), (3,4), (5,6,7,8,9) 
     ], [ (1,2)(3,4), (1,2), (5,7,9,6,8) ] ) ),
# No.11
rec(
  G := Group( [ (1,2), (3,4), (5,6,7,8,9) ] ),
  isConnected := true,
  matrix := 
   [ [ 1, 3, 5, 12, 2, 15, 17, 4, 14, 7, 9, 16, 6, 19, 20, 8, 18, 11, 13, 10 ]
        , [ 5, 2, 1, 17, 3, 14, 12, 9, 15, 6, 4, 20, 7, 18, 16, 13, 19, 10, 
          8, 11 ], 
      [ 2, 5, 3, 14, 1, 17, 15, 6, 12, 9, 7, 18, 4, 20, 19, 10, 16, 13, 11, 8 
         ], [ 12, 15, 17, 4, 14, 7, 9, 16, 6, 19, 20, 8, 18, 11, 13, 1, 10, 
          3, 5, 2 ], 
      [ 3, 1, 2, 15, 5, 12, 14, 7, 17, 4, 6, 19, 9, 16, 18, 11, 20, 8, 10, 13 
         ], [ 17, 14, 12, 9, 15, 6, 4, 20, 7, 18, 16, 13, 19, 10, 8, 5, 11, 
          2, 1, 3 ], 
      [ 14, 17, 15, 6, 12, 9, 7, 18, 4, 20, 19, 10, 16, 13, 11, 2, 8, 5, 3, 1 
         ], [ 4, 7, 9, 16, 6, 19, 20, 8, 18, 11, 13, 1, 10, 3, 5, 12, 2, 15, 
          17, 14 ], 
      [ 15, 12, 14, 7, 17, 4, 6, 19, 9, 16, 18, 11, 20, 8, 10, 3, 13, 1, 2, 5 
         ], [ 9, 6, 4, 20, 7, 18, 16, 13, 19, 10, 8, 5, 11, 2, 1, 17, 3, 14, 
          12, 15 ], 
      [ 6, 9, 7, 18, 4, 20, 19, 10, 16, 13, 11, 2, 8, 5, 3, 14, 1, 17, 15, 12 
         ], [ 16, 19, 20, 8, 18, 11, 13, 1, 10, 3, 5, 12, 2, 15, 17, 4, 14, 
          7, 9, 6 ], 
      [ 7, 4, 6, 19, 9, 16, 18, 11, 20, 8, 10, 3, 13, 1, 2, 15, 5, 12, 14, 17 
         ], [ 20, 18, 16, 13, 19, 10, 8, 5, 11, 2, 1, 17, 3, 14, 12, 9, 15, 
          6, 4, 7 ], 
      [ 18, 20, 19, 10, 16, 13, 11, 2, 8, 5, 3, 14, 1, 17, 15, 6, 12, 9, 7, 4 
         ], [ 8, 11, 13, 1, 10, 3, 5, 12, 2, 15, 17, 4, 14, 7, 9, 16, 6, 19, 
          20, 18 ], 
      [ 19, 16, 18, 11, 20, 8, 10, 3, 13, 1, 2, 15, 5, 12, 14, 7, 17, 4, 6, 9 
         ], [ 13, 10, 8, 5, 11, 2, 1, 17, 3, 14, 12, 9, 15, 6, 4, 20, 7, 18, 
          16, 19 ], 
      [ 10, 13, 11, 2, 8, 5, 3, 14, 1, 17, 15, 6, 12, 9, 7, 18, 4, 20, 19, 16 
         ], [ 11, 8, 10, 3, 13, 1, 2, 15, 5, 12, 14, 7, 17, 4, 6, 19, 9, 16, 
          18, 20 ] ],
  ordFix := 1,
  ordf := 12,
  psi := GroupHomomorphismByImages( Group( [ (1,2), (3,4), (5,6,7,8,9) 
     ] ), Group( [ (1,2), (3,4), (5,6,7,8,9) ] ), [ (1,2), (3,4), (5,6,7,8,9) 
     ], [ (1,2)(3,4), (1,2), (5,8,6,9,7) ] ) ),
# No.12
rec(
  G := Group( [ (1,2), (3,4), (5,6,7,8,9) ] ),
  isConnected := true,
  matrix := 
   [ [ 1, 3, 5, 16, 2, 19, 20, 12, 18, 15, 17, 8, 14, 11, 13, 4, 10, 7, 9, 6 ]
        , [ 5, 2, 1, 20, 3, 18, 16, 17, 19, 14, 12, 13, 15, 10, 8, 9, 11, 6, 
          4, 7 ], 
      [ 2, 5, 3, 18, 1, 20, 19, 14, 16, 17, 15, 10, 12, 13, 11, 6, 8, 9, 7, 4 
         ], [ 8, 11, 13, 4, 10, 7, 9, 1, 6, 3, 5, 16, 2, 19, 20, 12, 18, 15, 
          17, 14 ], 
      [ 3, 1, 2, 19, 5, 16, 18, 15, 20, 12, 14, 11, 17, 8, 10, 7, 13, 4, 6, 9 
         ], [ 13, 10, 8, 9, 11, 6, 4, 5, 7, 2, 1, 20, 3, 18, 16, 17, 19, 14, 
          12, 15 ], 
      [ 10, 13, 11, 6, 8, 9, 7, 2, 4, 5, 3, 18, 1, 20, 19, 14, 16, 17, 15, 12 
         ], [ 16, 19, 20, 12, 18, 15, 17, 8, 14, 11, 13, 4, 10, 7, 9, 1, 6, 
          3, 5, 2 ], 
      [ 11, 8, 10, 7, 13, 4, 6, 3, 9, 1, 2, 19, 5, 16, 18, 15, 20, 12, 14, 17 
         ], [ 20, 18, 16, 17, 19, 14, 12, 13, 15, 10, 8, 9, 11, 6, 4, 5, 7, 
          2, 1, 3 ], 
      [ 18, 20, 19, 14, 16, 17, 15, 10, 12, 13, 11, 6, 8, 9, 7, 2, 4, 5, 3, 1 
         ], [ 4, 7, 9, 1, 6, 3, 5, 16, 2, 19, 20, 12, 18, 15, 17, 8, 14, 11, 
          13, 10 ], 
      [ 19, 16, 18, 15, 20, 12, 14, 11, 17, 8, 10, 7, 13, 4, 6, 3, 9, 1, 2, 5 
         ], [ 9, 6, 4, 5, 7, 2, 1, 20, 3, 18, 16, 17, 19, 14, 12, 13, 15, 10, 
          8, 11 ], 
      [ 6, 9, 7, 2, 4, 5, 3, 18, 1, 20, 19, 14, 16, 17, 15, 10, 12, 13, 11, 8 
         ], [ 12, 15, 17, 8, 14, 11, 13, 4, 10, 7, 9, 1, 6, 3, 5, 16, 2, 19, 
          20, 18 ], 
      [ 7, 4, 6, 3, 9, 1, 2, 19, 5, 16, 18, 15, 20, 12, 14, 11, 17, 8, 10, 13 
         ], [ 17, 14, 12, 13, 15, 10, 8, 9, 11, 6, 4, 5, 7, 2, 1, 20, 3, 18, 
          16, 19 ], 
      [ 14, 17, 15, 10, 12, 13, 11, 6, 8, 9, 7, 2, 4, 5, 3, 18, 1, 20, 19, 16 
         ], [ 15, 12, 14, 11, 17, 8, 10, 7, 13, 4, 6, 3, 9, 1, 2, 19, 5, 16, 
          18, 20 ] ],
  ordFix := 1,
  ordf := 6,
  psi := GroupHomomorphismByImages( Group( [ (1,2), (3,4), (5,6,7,8,9) 
     ] ), Group( [ (1,2), (3,4), (5,6,7,8,9) ] ), [ (1,2), (3,4), (5,6,7,8,9) 
     ], [ (1,2)(3,4), (1,2), (5,9,8,7,6) ] ) ),
# No.13
rec(
  G := Group( [ (2,5)(3,4)(6,7,8,9), (6,8)(7,9), (1,2,3,4,5) ] ),
  isConnected := false,
  matrix := 
   [ [ 1, 18, 3, 4, 20, 2, 7, 8, 5, 6, 11, 12, 9, 10, 15, 16, 13, 14, 19, 17 ]
        , [ 4, 2, 7, 8, 5, 6, 11, 12, 9, 10, 15, 16, 13, 14, 19, 1, 17, 18, 
          3, 20 ], 
      [ 1, 18, 3, 4, 20, 2, 7, 8, 5, 6, 11, 12, 9, 10, 15, 16, 13, 14, 19, 17 
         ], [ 1, 18, 3, 4, 20, 2, 7, 8, 5, 6, 11, 12, 9, 10, 15, 16, 13, 14, 
          19, 17 ], 
      [ 4, 2, 7, 8, 5, 6, 11, 12, 9, 10, 15, 16, 13, 14, 19, 1, 17, 18, 3, 20 
         ], [ 4, 2, 7, 8, 5, 6, 11, 12, 9, 10, 15, 16, 13, 14, 19, 1, 17, 18, 
          3, 20 ], 
      [ 1, 18, 3, 4, 20, 2, 7, 8, 5, 6, 11, 12, 9, 10, 15, 16, 13, 14, 19, 17 
         ], [ 1, 18, 3, 4, 20, 2, 7, 8, 5, 6, 11, 12, 9, 10, 15, 16, 13, 14, 
          19, 17 ], 
      [ 4, 2, 7, 8, 5, 6, 11, 12, 9, 10, 15, 16, 13, 14, 19, 1, 17, 18, 3, 20 
         ], [ 4, 2, 7, 8, 5, 6, 11, 12, 9, 10, 15, 16, 13, 14, 19, 1, 17, 18, 
          3, 20 ], 
      [ 1, 18, 3, 4, 20, 2, 7, 8, 5, 6, 11, 12, 9, 10, 15, 16, 13, 14, 19, 17 
         ], [ 1, 18, 3, 4, 20, 2, 7, 8, 5, 6, 11, 12, 9, 10, 15, 16, 13, 14, 
          19, 17 ], 
      [ 4, 2, 7, 8, 5, 6, 11, 12, 9, 10, 15, 16, 13, 14, 19, 1, 17, 18, 3, 20 
         ], [ 4, 2, 7, 8, 5, 6, 11, 12, 9, 10, 15, 16, 13, 14, 19, 1, 17, 18, 
          3, 20 ], 
      [ 1, 18, 3, 4, 20, 2, 7, 8, 5, 6, 11, 12, 9, 10, 15, 16, 13, 14, 19, 17 
         ], [ 1, 18, 3, 4, 20, 2, 7, 8, 5, 6, 11, 12, 9, 10, 15, 16, 13, 14, 
          19, 17 ], 
      [ 4, 2, 7, 8, 5, 6, 11, 12, 9, 10, 15, 16, 13, 14, 19, 1, 17, 18, 3, 20 
         ], [ 4, 2, 7, 8, 5, 6, 11, 12, 9, 10, 15, 16, 13, 14, 19, 1, 17, 18, 
          3, 20 ], 
      [ 1, 18, 3, 4, 20, 2, 7, 8, 5, 6, 11, 12, 9, 10, 15, 16, 13, 14, 19, 17 
         ], [ 4, 2, 7, 8, 5, 6, 11, 12, 9, 10, 15, 16, 13, 14, 19, 1, 17, 18, 
          3, 20 ] ],
  ordFix := 10,
  ordf := 5,
  psi := GroupGeneralMappingByImages( Group( 
    [ (2,5)(3,4)(6,7,8,9), (6,8)(7,9), (1,2,3,4,5) ] ), Group( 
    [ (2,5)(3,4)(6,7,8,9), (6,8)(7,9), (1,2,3,4,5) ] ), 
    [ (2,5)(3,4)(6,7,8,9), (6,8)(7,9), (1,2,3,4,5) ], 
    [ (1,5)(2,4)(6,7,8,9), (6,8)(7,9), (1,2,3,4,5) ] ) ),
# No.14
rec(
  G := Group( [ (2,5)(3,4)(6,7,8,9), (6,8)(7,9), (1,2,3,4,5) ] ),
  isConnected := false,
  matrix := 
   [ [ 1, 20, 3, 4, 18, 5, 7, 8, 2, 9, 11, 12, 6, 13, 15, 16, 10, 17, 19, 14 ]
        , [ 7, 2, 4, 11, 5, 6, 8, 15, 9, 10, 12, 19, 13, 14, 16, 3, 17, 18, 
          1, 20 ], 
      [ 1, 20, 3, 4, 18, 5, 7, 8, 2, 9, 11, 12, 6, 13, 15, 16, 10, 17, 19, 14 
         ], [ 1, 20, 3, 4, 18, 5, 7, 8, 2, 9, 11, 12, 6, 13, 15, 16, 10, 17, 
          19, 14 ], 
      [ 7, 2, 4, 11, 5, 6, 8, 15, 9, 10, 12, 19, 13, 14, 16, 3, 17, 18, 1, 20 
         ], [ 7, 2, 4, 11, 5, 6, 8, 15, 9, 10, 12, 19, 13, 14, 16, 3, 17, 18, 
          1, 20 ], 
      [ 1, 20, 3, 4, 18, 5, 7, 8, 2, 9, 11, 12, 6, 13, 15, 16, 10, 17, 19, 14 
         ], [ 1, 20, 3, 4, 18, 5, 7, 8, 2, 9, 11, 12, 6, 13, 15, 16, 10, 17, 
          19, 14 ], 
      [ 7, 2, 4, 11, 5, 6, 8, 15, 9, 10, 12, 19, 13, 14, 16, 3, 17, 18, 1, 20 
         ], [ 7, 2, 4, 11, 5, 6, 8, 15, 9, 10, 12, 19, 13, 14, 16, 3, 17, 18, 
          1, 20 ], 
      [ 1, 20, 3, 4, 18, 5, 7, 8, 2, 9, 11, 12, 6, 13, 15, 16, 10, 17, 19, 14 
         ], [ 1, 20, 3, 4, 18, 5, 7, 8, 2, 9, 11, 12, 6, 13, 15, 16, 10, 17, 
          19, 14 ], 
      [ 7, 2, 4, 11, 5, 6, 8, 15, 9, 10, 12, 19, 13, 14, 16, 3, 17, 18, 1, 20 
         ], [ 7, 2, 4, 11, 5, 6, 8, 15, 9, 10, 12, 19, 13, 14, 16, 3, 17, 18, 
          1, 20 ], 
      [ 1, 20, 3, 4, 18, 5, 7, 8, 2, 9, 11, 12, 6, 13, 15, 16, 10, 17, 19, 14 
         ], [ 1, 20, 3, 4, 18, 5, 7, 8, 2, 9, 11, 12, 6, 13, 15, 16, 10, 17, 
          19, 14 ], 
      [ 7, 2, 4, 11, 5, 6, 8, 15, 9, 10, 12, 19, 13, 14, 16, 3, 17, 18, 1, 20 
         ], [ 7, 2, 4, 11, 5, 6, 8, 15, 9, 10, 12, 19, 13, 14, 16, 3, 17, 18, 
          1, 20 ], 
      [ 1, 20, 3, 4, 18, 5, 7, 8, 2, 9, 11, 12, 6, 13, 15, 16, 10, 17, 19, 14 
         ], [ 7, 2, 4, 11, 5, 6, 8, 15, 9, 10, 12, 19, 13, 14, 16, 3, 17, 18, 
          1, 20 ] ],
  ordFix := 10,
  ordf := 10,
  psi := GroupGeneralMappingByImages( Group( 
    [ (2,5)(3,4)(6,7,8,9), (6,8)(7,9), (1,2,3,4,5) ] ), Group( 
    [ (2,5)(3,4)(6,7,8,9), (6,8)(7,9), (1,2,3,4,5) ] ), 
    [ (2,5)(3,4)(6,7,8,9), (6,8)(7,9), (1,2,3,4,5) ], 
    [ (1,5)(2,4)(6,9,8,7), (6,8)(7,9), (1,2,3,4,5) ] ) ),
# No.15
rec(
  G := Group( [ (2,3,5,4), (2,5)(3,4), (1,2,3,4,5) ] ),
  isConnected := false,
  matrix := 
   [ [ 1, 10, 7, 4, 20, 14, 11, 8, 5, 18, 15, 12, 9, 2, 19, 16, 13, 6, 3, 17 ]
        , [ 12, 2, 19, 16, 13, 6, 3, 1, 17, 10, 7, 4, 20, 14, 11, 8, 5, 18, 
          15, 9 ], 
      [ 16, 6, 3, 1, 17, 10, 7, 4, 20, 14, 11, 8, 5, 18, 15, 12, 9, 2, 19, 13 
         ], [ 1, 10, 7, 4, 20, 14, 11, 8, 5, 18, 15, 12, 9, 2, 19, 16, 13, 6, 
          3, 17 ], 
      [ 4, 14, 11, 8, 5, 18, 15, 12, 9, 2, 19, 16, 13, 6, 3, 1, 17, 10, 7, 20 
         ], [ 12, 2, 19, 16, 13, 6, 3, 1, 17, 10, 7, 4, 20, 14, 11, 8, 5, 18, 
          15, 9 ], 
      [ 16, 6, 3, 1, 17, 10, 7, 4, 20, 14, 11, 8, 5, 18, 15, 12, 9, 2, 19, 13 
         ], [ 1, 10, 7, 4, 20, 14, 11, 8, 5, 18, 15, 12, 9, 2, 19, 16, 13, 6, 
          3, 17 ], 
      [ 4, 14, 11, 8, 5, 18, 15, 12, 9, 2, 19, 16, 13, 6, 3, 1, 17, 10, 7, 20 
         ], [ 12, 2, 19, 16, 13, 6, 3, 1, 17, 10, 7, 4, 20, 14, 11, 8, 5, 18, 
          15, 9 ], 
      [ 16, 6, 3, 1, 17, 10, 7, 4, 20, 14, 11, 8, 5, 18, 15, 12, 9, 2, 19, 13 
         ], [ 1, 10, 7, 4, 20, 14, 11, 8, 5, 18, 15, 12, 9, 2, 19, 16, 13, 6, 
          3, 17 ], 
      [ 4, 14, 11, 8, 5, 18, 15, 12, 9, 2, 19, 16, 13, 6, 3, 1, 17, 10, 7, 20 
         ], [ 12, 2, 19, 16, 13, 6, 3, 1, 17, 10, 7, 4, 20, 14, 11, 8, 5, 18, 
          15, 9 ], 
      [ 16, 6, 3, 1, 17, 10, 7, 4, 20, 14, 11, 8, 5, 18, 15, 12, 9, 2, 19, 13 
         ], [ 1, 10, 7, 4, 20, 14, 11, 8, 5, 18, 15, 12, 9, 2, 19, 16, 13, 6, 
          3, 17 ], 
      [ 4, 14, 11, 8, 5, 18, 15, 12, 9, 2, 19, 16, 13, 6, 3, 1, 17, 10, 7, 20 
         ], [ 12, 2, 19, 16, 13, 6, 3, 1, 17, 10, 7, 4, 20, 14, 11, 8, 5, 18, 
          15, 9 ], 
      [ 16, 6, 3, 1, 17, 10, 7, 4, 20, 14, 11, 8, 5, 18, 15, 12, 9, 2, 19, 13 
         ], [ 4, 14, 11, 8, 5, 18, 15, 12, 9, 2, 19, 16, 13, 6, 3, 1, 17, 10, 
          7, 20 ] ],
  ordFix := 5,
  ordf := 5,
  psi := GroupGeneralMappingByImages( Group( 
    [ (2,3,5,4), (2,5)(3,4), (1,2,3,4,5) ] ), Group( 
    [ (2,3,5,4), (2,5)(3,4), (1,2,3,4,5) ] ), 
    [ (2,3,5,4), (2,5)(3,4), (1,2,3,4,5) ], 
    [ (1,3,2,5), (1,2)(3,5), (1,2,3,4,5) ] ) ),
]; 
### end of file ###