# 
# computed by Jin Kosaka and Hirotake Kurihara 
# using gap 4.12.2 
# 
GAQ_34 :=
[
# No.1
rec(
  G := Group( [ (1,2), ( 3, 4, 5, 6, 7, 8, 9,10,11,12,13,14,15,16,17,18,19) 
     ] ),
  isConnected := false,
  matrix := 
   [ [ 1, 2, 3, 4, 5, 6, 7, 8, 9, 10, 11, 12, 13, 14, 15, 16, 17, 18, 19, 20, 
          21, 22, 23, 24, 25, 26, 27, 28, 29, 30, 31, 32, 33, 34 ], 
      [ 1, 2, 3, 4, 5, 6, 7, 8, 9, 10, 11, 12, 13, 14, 15, 16, 17, 18, 19, 
          20, 21, 22, 23, 24, 25, 26, 27, 28, 29, 30, 31, 32, 33, 34 ], 
      [ 1, 2, 3, 4, 5, 6, 7, 8, 9, 10, 11, 12, 13, 14, 15, 16, 17, 18, 19, 
          20, 21, 22, 23, 24, 25, 26, 27, 28, 29, 30, 31, 32, 33, 34 ], 
      [ 1, 2, 3, 4, 5, 6, 7, 8, 9, 10, 11, 12, 13, 14, 15, 16, 17, 18, 19, 
          20, 21, 22, 23, 24, 25, 26, 27, 28, 29, 30, 31, 32, 33, 34 ], 
      [ 1, 2, 3, 4, 5, 6, 7, 8, 9, 10, 11, 12, 13, 14, 15, 16, 17, 18, 19, 
          20, 21, 22, 23, 24, 25, 26, 27, 28, 29, 30, 31, 32, 33, 34 ], 
      [ 1, 2, 3, 4, 5, 6, 7, 8, 9, 10, 11, 12, 13, 14, 15, 16, 17, 18, 19, 
          20, 21, 22, 23, 24, 25, 26, 27, 28, 29, 30, 31, 32, 33, 34 ], 
      [ 1, 2, 3, 4, 5, 6, 7, 8, 9, 10, 11, 12, 13, 14, 15, 16, 17, 18, 19, 
          20, 21, 22, 23, 24, 25, 26, 27, 28, 29, 30, 31, 32, 33, 34 ], 
      [ 1, 2, 3, 4, 5, 6, 7, 8, 9, 10, 11, 12, 13, 14, 15, 16, 17, 18, 19, 
          20, 21, 22, 23, 24, 25, 26, 27, 28, 29, 30, 31, 32, 33, 34 ], 
      [ 1, 2, 3, 4, 5, 6, 7, 8, 9, 10, 11, 12, 13, 14, 15, 16, 17, 18, 19, 
          20, 21, 22, 23, 24, 25, 26, 27, 28, 29, 30, 31, 32, 33, 34 ], 
      [ 1, 2, 3, 4, 5, 6, 7, 8, 9, 10, 11, 12, 13, 14, 15, 16, 17, 18, 19, 
          20, 21, 22, 23, 24, 25, 26, 27, 28, 29, 30, 31, 32, 33, 34 ], 
      [ 1, 2, 3, 4, 5, 6, 7, 8, 9, 10, 11, 12, 13, 14, 15, 16, 17, 18, 19, 
          20, 21, 22, 23, 24, 25, 26, 27, 28, 29, 30, 31, 32, 33, 34 ], 
      [ 1, 2, 3, 4, 5, 6, 7, 8, 9, 10, 11, 12, 13, 14, 15, 16, 17, 18, 19, 
          20, 21, 22, 23, 24, 25, 26, 27, 28, 29, 30, 31, 32, 33, 34 ], 
      [ 1, 2, 3, 4, 5, 6, 7, 8, 9, 10, 11, 12, 13, 14, 15, 16, 17, 18, 19, 
          20, 21, 22, 23, 24, 25, 26, 27, 28, 29, 30, 31, 32, 33, 34 ], 
      [ 1, 2, 3, 4, 5, 6, 7, 8, 9, 10, 11, 12, 13, 14, 15, 16, 17, 18, 19, 
          20, 21, 22, 23, 24, 25, 26, 27, 28, 29, 30, 31, 32, 33, 34 ], 
      [ 1, 2, 3, 4, 5, 6, 7, 8, 9, 10, 11, 12, 13, 14, 15, 16, 17, 18, 19, 
          20, 21, 22, 23, 24, 25, 26, 27, 28, 29, 30, 31, 32, 33, 34 ], 
      [ 1, 2, 3, 4, 5, 6, 7, 8, 9, 10, 11, 12, 13, 14, 15, 16, 17, 18, 19, 
          20, 21, 22, 23, 24, 25, 26, 27, 28, 29, 30, 31, 32, 33, 34 ], 
      [ 1, 2, 3, 4, 5, 6, 7, 8, 9, 10, 11, 12, 13, 14, 15, 16, 17, 18, 19, 
          20, 21, 22, 23, 24, 25, 26, 27, 28, 29, 30, 31, 32, 33, 34 ], 
      [ 1, 2, 3, 4, 5, 6, 7, 8, 9, 10, 11, 12, 13, 14, 15, 16, 17, 18, 19, 
          20, 21, 22, 23, 24, 25, 26, 27, 28, 29, 30, 31, 32, 33, 34 ], 
      [ 1, 2, 3, 4, 5, 6, 7, 8, 9, 10, 11, 12, 13, 14, 15, 16, 17, 18, 19, 
          20, 21, 22, 23, 24, 25, 26, 27, 28, 29, 30, 31, 32, 33, 34 ], 
      [ 1, 2, 3, 4, 5, 6, 7, 8, 9, 10, 11, 12, 13, 14, 15, 16, 17, 18, 19, 
          20, 21, 22, 23, 24, 25, 26, 27, 28, 29, 30, 31, 32, 33, 34 ], 
      [ 1, 2, 3, 4, 5, 6, 7, 8, 9, 10, 11, 12, 13, 14, 15, 16, 17, 18, 19, 
          20, 21, 22, 23, 24, 25, 26, 27, 28, 29, 30, 31, 32, 33, 34 ], 
      [ 1, 2, 3, 4, 5, 6, 7, 8, 9, 10, 11, 12, 13, 14, 15, 16, 17, 18, 19, 
          20, 21, 22, 23, 24, 25, 26, 27, 28, 29, 30, 31, 32, 33, 34 ], 
      [ 1, 2, 3, 4, 5, 6, 7, 8, 9, 10, 11, 12, 13, 14, 15, 16, 17, 18, 19, 
          20, 21, 22, 23, 24, 25, 26, 27, 28, 29, 30, 31, 32, 33, 34 ], 
      [ 1, 2, 3, 4, 5, 6, 7, 8, 9, 10, 11, 12, 13, 14, 15, 16, 17, 18, 19, 
          20, 21, 22, 23, 24, 25, 26, 27, 28, 29, 30, 31, 32, 33, 34 ], 
      [ 1, 2, 3, 4, 5, 6, 7, 8, 9, 10, 11, 12, 13, 14, 15, 16, 17, 18, 19, 
          20, 21, 22, 23, 24, 25, 26, 27, 28, 29, 30, 31, 32, 33, 34 ], 
      [ 1, 2, 3, 4, 5, 6, 7, 8, 9, 10, 11, 12, 13, 14, 15, 16, 17, 18, 19, 
          20, 21, 22, 23, 24, 25, 26, 27, 28, 29, 30, 31, 32, 33, 34 ], 
      [ 1, 2, 3, 4, 5, 6, 7, 8, 9, 10, 11, 12, 13, 14, 15, 16, 17, 18, 19, 
          20, 21, 22, 23, 24, 25, 26, 27, 28, 29, 30, 31, 32, 33, 34 ], 
      [ 1, 2, 3, 4, 5, 6, 7, 8, 9, 10, 11, 12, 13, 14, 15, 16, 17, 18, 19, 
          20, 21, 22, 23, 24, 25, 26, 27, 28, 29, 30, 31, 32, 33, 34 ], 
      [ 1, 2, 3, 4, 5, 6, 7, 8, 9, 10, 11, 12, 13, 14, 15, 16, 17, 18, 19, 
          20, 21, 22, 23, 24, 25, 26, 27, 28, 29, 30, 31, 32, 33, 34 ], 
      [ 1, 2, 3, 4, 5, 6, 7, 8, 9, 10, 11, 12, 13, 14, 15, 16, 17, 18, 19, 
          20, 21, 22, 23, 24, 25, 26, 27, 28, 29, 30, 31, 32, 33, 34 ], 
      [ 1, 2, 3, 4, 5, 6, 7, 8, 9, 10, 11, 12, 13, 14, 15, 16, 17, 18, 19, 
          20, 21, 22, 23, 24, 25, 26, 27, 28, 29, 30, 31, 32, 33, 34 ], 
      [ 1, 2, 3, 4, 5, 6, 7, 8, 9, 10, 11, 12, 13, 14, 15, 16, 17, 18, 19, 
          20, 21, 22, 23, 24, 25, 26, 27, 28, 29, 30, 31, 32, 33, 34 ], 
      [ 1, 2, 3, 4, 5, 6, 7, 8, 9, 10, 11, 12, 13, 14, 15, 16, 17, 18, 19, 
          20, 21, 22, 23, 24, 25, 26, 27, 28, 29, 30, 31, 32, 33, 34 ], 
      [ 1, 2, 3, 4, 5, 6, 7, 8, 9, 10, 11, 12, 13, 14, 15, 16, 17, 18, 19, 
          20, 21, 22, 23, 24, 25, 26, 27, 28, 29, 30, 31, 32, 33, 34 ] ],
  ordFix := 34,
  ordf := 1,
  psi := GroupHomomorphismByImages( Group( 
    [ (1,2), ( 3, 4, 5, 6, 7, 8, 9,10,11,12,13,14,15,16,17,18,19) ] ), Group( 
    [ (1,2), ( 3, 4, 5, 6, 7, 8, 9,10,11,12,13,14,15,16,17,18,19) ] ), 
    [ (1,2), ( 3, 4, 5, 6, 7, 8, 9,10,11,12,13,14,15,16,17,18,19) ], 
    [ (1,2), ( 3, 4, 5, 6, 7, 8, 9,10,11,12,13,14,15,16,17,18,19) ] ) ),
# No.2
rec(
  G := Group( [ (1,2), ( 3, 4, 5, 6, 7, 8, 9,10,11,12,13,14,15,16,17,18,19) 
     ] ),
  isConnected := false,
  matrix := 
   [ [ 1, 2, 5, 6, 9, 10, 13, 14, 17, 18, 21, 22, 25, 26, 29, 30, 33, 34, 3, 
          4, 7, 8, 11, 12, 15, 16, 19, 20, 23, 24, 27, 28, 31, 32 ], 
      [ 1, 2, 5, 6, 9, 10, 13, 14, 17, 18, 21, 22, 25, 26, 29, 30, 33, 34, 3, 
          4, 7, 8, 11, 12, 15, 16, 19, 20, 23, 24, 27, 28, 31, 32 ], 
      [ 33, 34, 3, 4, 7, 8, 11, 12, 15, 16, 19, 20, 23, 24, 27, 28, 31, 32, 
          1, 2, 5, 6, 9, 10, 13, 14, 17, 18, 21, 22, 25, 26, 29, 30 ], 
      [ 33, 34, 3, 4, 7, 8, 11, 12, 15, 16, 19, 20, 23, 24, 27, 28, 31, 32, 
          1, 2, 5, 6, 9, 10, 13, 14, 17, 18, 21, 22, 25, 26, 29, 30 ], 
      [ 31, 32, 1, 2, 5, 6, 9, 10, 13, 14, 17, 18, 21, 22, 25, 26, 29, 30, 
          33, 34, 3, 4, 7, 8, 11, 12, 15, 16, 19, 20, 23, 24, 27, 28 ], 
      [ 31, 32, 1, 2, 5, 6, 9, 10, 13, 14, 17, 18, 21, 22, 25, 26, 29, 30, 
          33, 34, 3, 4, 7, 8, 11, 12, 15, 16, 19, 20, 23, 24, 27, 28 ], 
      [ 29, 30, 33, 34, 3, 4, 7, 8, 11, 12, 15, 16, 19, 20, 23, 24, 27, 28, 
          31, 32, 1, 2, 5, 6, 9, 10, 13, 14, 17, 18, 21, 22, 25, 26 ], 
      [ 29, 30, 33, 34, 3, 4, 7, 8, 11, 12, 15, 16, 19, 20, 23, 24, 27, 28, 
          31, 32, 1, 2, 5, 6, 9, 10, 13, 14, 17, 18, 21, 22, 25, 26 ], 
      [ 27, 28, 31, 32, 1, 2, 5, 6, 9, 10, 13, 14, 17, 18, 21, 22, 25, 26, 
          29, 30, 33, 34, 3, 4, 7, 8, 11, 12, 15, 16, 19, 20, 23, 24 ], 
      [ 27, 28, 31, 32, 1, 2, 5, 6, 9, 10, 13, 14, 17, 18, 21, 22, 25, 26, 
          29, 30, 33, 34, 3, 4, 7, 8, 11, 12, 15, 16, 19, 20, 23, 24 ], 
      [ 25, 26, 29, 30, 33, 34, 3, 4, 7, 8, 11, 12, 15, 16, 19, 20, 23, 24, 
          27, 28, 31, 32, 1, 2, 5, 6, 9, 10, 13, 14, 17, 18, 21, 22 ], 
      [ 25, 26, 29, 30, 33, 34, 3, 4, 7, 8, 11, 12, 15, 16, 19, 20, 23, 24, 
          27, 28, 31, 32, 1, 2, 5, 6, 9, 10, 13, 14, 17, 18, 21, 22 ], 
      [ 23, 24, 27, 28, 31, 32, 1, 2, 5, 6, 9, 10, 13, 14, 17, 18, 21, 22, 
          25, 26, 29, 30, 33, 34, 3, 4, 7, 8, 11, 12, 15, 16, 19, 20 ], 
      [ 23, 24, 27, 28, 31, 32, 1, 2, 5, 6, 9, 10, 13, 14, 17, 18, 21, 22, 
          25, 26, 29, 30, 33, 34, 3, 4, 7, 8, 11, 12, 15, 16, 19, 20 ], 
      [ 21, 22, 25, 26, 29, 30, 33, 34, 3, 4, 7, 8, 11, 12, 15, 16, 19, 20, 
          23, 24, 27, 28, 31, 32, 1, 2, 5, 6, 9, 10, 13, 14, 17, 18 ], 
      [ 21, 22, 25, 26, 29, 30, 33, 34, 3, 4, 7, 8, 11, 12, 15, 16, 19, 20, 
          23, 24, 27, 28, 31, 32, 1, 2, 5, 6, 9, 10, 13, 14, 17, 18 ], 
      [ 19, 20, 23, 24, 27, 28, 31, 32, 1, 2, 5, 6, 9, 10, 13, 14, 17, 18, 
          21, 22, 25, 26, 29, 30, 33, 34, 3, 4, 7, 8, 11, 12, 15, 16 ], 
      [ 19, 20, 23, 24, 27, 28, 31, 32, 1, 2, 5, 6, 9, 10, 13, 14, 17, 18, 
          21, 22, 25, 26, 29, 30, 33, 34, 3, 4, 7, 8, 11, 12, 15, 16 ], 
      [ 17, 18, 21, 22, 25, 26, 29, 30, 33, 34, 3, 4, 7, 8, 11, 12, 15, 16, 
          19, 20, 23, 24, 27, 28, 31, 32, 1, 2, 5, 6, 9, 10, 13, 14 ], 
      [ 17, 18, 21, 22, 25, 26, 29, 30, 33, 34, 3, 4, 7, 8, 11, 12, 15, 16, 
          19, 20, 23, 24, 27, 28, 31, 32, 1, 2, 5, 6, 9, 10, 13, 14 ], 
      [ 15, 16, 19, 20, 23, 24, 27, 28, 31, 32, 1, 2, 5, 6, 9, 10, 13, 14, 
          17, 18, 21, 22, 25, 26, 29, 30, 33, 34, 3, 4, 7, 8, 11, 12 ], 
      [ 15, 16, 19, 20, 23, 24, 27, 28, 31, 32, 1, 2, 5, 6, 9, 10, 13, 14, 
          17, 18, 21, 22, 25, 26, 29, 30, 33, 34, 3, 4, 7, 8, 11, 12 ], 
      [ 13, 14, 17, 18, 21, 22, 25, 26, 29, 30, 33, 34, 3, 4, 7, 8, 11, 12, 
          15, 16, 19, 20, 23, 24, 27, 28, 31, 32, 1, 2, 5, 6, 9, 10 ], 
      [ 13, 14, 17, 18, 21, 22, 25, 26, 29, 30, 33, 34, 3, 4, 7, 8, 11, 12, 
          15, 16, 19, 20, 23, 24, 27, 28, 31, 32, 1, 2, 5, 6, 9, 10 ], 
      [ 11, 12, 15, 16, 19, 20, 23, 24, 27, 28, 31, 32, 1, 2, 5, 6, 9, 10, 
          13, 14, 17, 18, 21, 22, 25, 26, 29, 30, 33, 34, 3, 4, 7, 8 ], 
      [ 11, 12, 15, 16, 19, 20, 23, 24, 27, 28, 31, 32, 1, 2, 5, 6, 9, 10, 
          13, 14, 17, 18, 21, 22, 25, 26, 29, 30, 33, 34, 3, 4, 7, 8 ], 
      [ 9, 10, 13, 14, 17, 18, 21, 22, 25, 26, 29, 30, 33, 34, 3, 4, 7, 8, 
          11, 12, 15, 16, 19, 20, 23, 24, 27, 28, 31, 32, 1, 2, 5, 6 ], 
      [ 9, 10, 13, 14, 17, 18, 21, 22, 25, 26, 29, 30, 33, 34, 3, 4, 7, 8, 
          11, 12, 15, 16, 19, 20, 23, 24, 27, 28, 31, 32, 1, 2, 5, 6 ], 
      [ 7, 8, 11, 12, 15, 16, 19, 20, 23, 24, 27, 28, 31, 32, 1, 2, 5, 6, 9, 
          10, 13, 14, 17, 18, 21, 22, 25, 26, 29, 30, 33, 34, 3, 4 ], 
      [ 7, 8, 11, 12, 15, 16, 19, 20, 23, 24, 27, 28, 31, 32, 1, 2, 5, 6, 9, 
          10, 13, 14, 17, 18, 21, 22, 25, 26, 29, 30, 33, 34, 3, 4 ], 
      [ 5, 6, 9, 10, 13, 14, 17, 18, 21, 22, 25, 26, 29, 30, 33, 34, 3, 4, 7, 
          8, 11, 12, 15, 16, 19, 20, 23, 24, 27, 28, 31, 32, 1, 2 ], 
      [ 5, 6, 9, 10, 13, 14, 17, 18, 21, 22, 25, 26, 29, 30, 33, 34, 3, 4, 7, 
          8, 11, 12, 15, 16, 19, 20, 23, 24, 27, 28, 31, 32, 1, 2 ], 
      [ 3, 4, 7, 8, 11, 12, 15, 16, 19, 20, 23, 24, 27, 28, 31, 32, 1, 2, 5, 
          6, 9, 10, 13, 14, 17, 18, 21, 22, 25, 26, 29, 30, 33, 34 ], 
      [ 3, 4, 7, 8, 11, 12, 15, 16, 19, 20, 23, 24, 27, 28, 31, 32, 1, 2, 5, 
          6, 9, 10, 13, 14, 17, 18, 21, 22, 25, 26, 29, 30, 33, 34 ] ],
  ordFix := 2,
  ordf := 8,
  psi := GroupHomomorphismByImages( Group( 
    [ (1,2), ( 3, 4, 5, 6, 7, 8, 9,10,11,12,13,14,15,16,17,18,19) ] ), Group( 
    [ (1,2), ( 3, 4, 5, 6, 7, 8, 9,10,11,12,13,14,15,16,17,18,19) ] ), 
    [ (1,2), ( 3, 4, 5, 6, 7, 8, 9,10,11,12,13,14,15,16,17,18,19) ], 
    [ (1,2), ( 3, 5, 7, 9,11,13,15,17,19, 4, 6, 8,10,12,14,16,18) ] ) ),
# No.3
rec(
  G := Group( [ (1,2), ( 3, 4, 5, 6, 7, 8, 9,10,11,12,13,14,15,16,17,18,19) 
     ] ),
  isConnected := false,
  matrix := 
   [ [ 1, 2, 7, 8, 13, 14, 19, 20, 25, 26, 31, 32, 3, 4, 9, 10, 15, 16, 21, 
          22, 27, 28, 33, 34, 5, 6, 11, 12, 17, 18, 23, 24, 29, 30 ], 
      [ 1, 2, 7, 8, 13, 14, 19, 20, 25, 26, 31, 32, 3, 4, 9, 10, 15, 16, 21, 
          22, 27, 28, 33, 34, 5, 6, 11, 12, 17, 18, 23, 24, 29, 30 ], 
      [ 31, 32, 3, 4, 9, 10, 15, 16, 21, 22, 27, 28, 33, 34, 5, 6, 11, 12, 
          17, 18, 23, 24, 29, 30, 1, 2, 7, 8, 13, 14, 19, 20, 25, 26 ], 
      [ 31, 32, 3, 4, 9, 10, 15, 16, 21, 22, 27, 28, 33, 34, 5, 6, 11, 12, 
          17, 18, 23, 24, 29, 30, 1, 2, 7, 8, 13, 14, 19, 20, 25, 26 ], 
      [ 27, 28, 33, 34, 5, 6, 11, 12, 17, 18, 23, 24, 29, 30, 1, 2, 7, 8, 13, 
          14, 19, 20, 25, 26, 31, 32, 3, 4, 9, 10, 15, 16, 21, 22 ], 
      [ 27, 28, 33, 34, 5, 6, 11, 12, 17, 18, 23, 24, 29, 30, 1, 2, 7, 8, 13, 
          14, 19, 20, 25, 26, 31, 32, 3, 4, 9, 10, 15, 16, 21, 22 ], 
      [ 23, 24, 29, 30, 1, 2, 7, 8, 13, 14, 19, 20, 25, 26, 31, 32, 3, 4, 9, 
          10, 15, 16, 21, 22, 27, 28, 33, 34, 5, 6, 11, 12, 17, 18 ], 
      [ 23, 24, 29, 30, 1, 2, 7, 8, 13, 14, 19, 20, 25, 26, 31, 32, 3, 4, 9, 
          10, 15, 16, 21, 22, 27, 28, 33, 34, 5, 6, 11, 12, 17, 18 ], 
      [ 19, 20, 25, 26, 31, 32, 3, 4, 9, 10, 15, 16, 21, 22, 27, 28, 33, 34, 
          5, 6, 11, 12, 17, 18, 23, 24, 29, 30, 1, 2, 7, 8, 13, 14 ], 
      [ 19, 20, 25, 26, 31, 32, 3, 4, 9, 10, 15, 16, 21, 22, 27, 28, 33, 34, 
          5, 6, 11, 12, 17, 18, 23, 24, 29, 30, 1, 2, 7, 8, 13, 14 ], 
      [ 15, 16, 21, 22, 27, 28, 33, 34, 5, 6, 11, 12, 17, 18, 23, 24, 29, 30, 
          1, 2, 7, 8, 13, 14, 19, 20, 25, 26, 31, 32, 3, 4, 9, 10 ], 
      [ 15, 16, 21, 22, 27, 28, 33, 34, 5, 6, 11, 12, 17, 18, 23, 24, 29, 30, 
          1, 2, 7, 8, 13, 14, 19, 20, 25, 26, 31, 32, 3, 4, 9, 10 ], 
      [ 11, 12, 17, 18, 23, 24, 29, 30, 1, 2, 7, 8, 13, 14, 19, 20, 25, 26, 
          31, 32, 3, 4, 9, 10, 15, 16, 21, 22, 27, 28, 33, 34, 5, 6 ], 
      [ 11, 12, 17, 18, 23, 24, 29, 30, 1, 2, 7, 8, 13, 14, 19, 20, 25, 26, 
          31, 32, 3, 4, 9, 10, 15, 16, 21, 22, 27, 28, 33, 34, 5, 6 ], 
      [ 7, 8, 13, 14, 19, 20, 25, 26, 31, 32, 3, 4, 9, 10, 15, 16, 21, 22, 
          27, 28, 33, 34, 5, 6, 11, 12, 17, 18, 23, 24, 29, 30, 1, 2 ], 
      [ 7, 8, 13, 14, 19, 20, 25, 26, 31, 32, 3, 4, 9, 10, 15, 16, 21, 22, 
          27, 28, 33, 34, 5, 6, 11, 12, 17, 18, 23, 24, 29, 30, 1, 2 ], 
      [ 3, 4, 9, 10, 15, 16, 21, 22, 27, 28, 33, 34, 5, 6, 11, 12, 17, 18, 
          23, 24, 29, 30, 1, 2, 7, 8, 13, 14, 19, 20, 25, 26, 31, 32 ], 
      [ 3, 4, 9, 10, 15, 16, 21, 22, 27, 28, 33, 34, 5, 6, 11, 12, 17, 18, 
          23, 24, 29, 30, 1, 2, 7, 8, 13, 14, 19, 20, 25, 26, 31, 32 ], 
      [ 33, 34, 5, 6, 11, 12, 17, 18, 23, 24, 29, 30, 1, 2, 7, 8, 13, 14, 19, 
          20, 25, 26, 31, 32, 3, 4, 9, 10, 15, 16, 21, 22, 27, 28 ], 
      [ 33, 34, 5, 6, 11, 12, 17, 18, 23, 24, 29, 30, 1, 2, 7, 8, 13, 14, 19, 
          20, 25, 26, 31, 32, 3, 4, 9, 10, 15, 16, 21, 22, 27, 28 ], 
      [ 29, 30, 1, 2, 7, 8, 13, 14, 19, 20, 25, 26, 31, 32, 3, 4, 9, 10, 15, 
          16, 21, 22, 27, 28, 33, 34, 5, 6, 11, 12, 17, 18, 23, 24 ], 
      [ 29, 30, 1, 2, 7, 8, 13, 14, 19, 20, 25, 26, 31, 32, 3, 4, 9, 10, 15, 
          16, 21, 22, 27, 28, 33, 34, 5, 6, 11, 12, 17, 18, 23, 24 ], 
      [ 25, 26, 31, 32, 3, 4, 9, 10, 15, 16, 21, 22, 27, 28, 33, 34, 5, 6, 
          11, 12, 17, 18, 23, 24, 29, 30, 1, 2, 7, 8, 13, 14, 19, 20 ], 
      [ 25, 26, 31, 32, 3, 4, 9, 10, 15, 16, 21, 22, 27, 28, 33, 34, 5, 6, 
          11, 12, 17, 18, 23, 24, 29, 30, 1, 2, 7, 8, 13, 14, 19, 20 ], 
      [ 21, 22, 27, 28, 33, 34, 5, 6, 11, 12, 17, 18, 23, 24, 29, 30, 1, 2, 
          7, 8, 13, 14, 19, 20, 25, 26, 31, 32, 3, 4, 9, 10, 15, 16 ], 
      [ 21, 22, 27, 28, 33, 34, 5, 6, 11, 12, 17, 18, 23, 24, 29, 30, 1, 2, 
          7, 8, 13, 14, 19, 20, 25, 26, 31, 32, 3, 4, 9, 10, 15, 16 ], 
      [ 17, 18, 23, 24, 29, 30, 1, 2, 7, 8, 13, 14, 19, 20, 25, 26, 31, 32, 
          3, 4, 9, 10, 15, 16, 21, 22, 27, 28, 33, 34, 5, 6, 11, 12 ], 
      [ 17, 18, 23, 24, 29, 30, 1, 2, 7, 8, 13, 14, 19, 20, 25, 26, 31, 32, 
          3, 4, 9, 10, 15, 16, 21, 22, 27, 28, 33, 34, 5, 6, 11, 12 ], 
      [ 13, 14, 19, 20, 25, 26, 31, 32, 3, 4, 9, 10, 15, 16, 21, 22, 27, 28, 
          33, 34, 5, 6, 11, 12, 17, 18, 23, 24, 29, 30, 1, 2, 7, 8 ], 
      [ 13, 14, 19, 20, 25, 26, 31, 32, 3, 4, 9, 10, 15, 16, 21, 22, 27, 28, 
          33, 34, 5, 6, 11, 12, 17, 18, 23, 24, 29, 30, 1, 2, 7, 8 ], 
      [ 9, 10, 15, 16, 21, 22, 27, 28, 33, 34, 5, 6, 11, 12, 17, 18, 23, 24, 
          29, 30, 1, 2, 7, 8, 13, 14, 19, 20, 25, 26, 31, 32, 3, 4 ], 
      [ 9, 10, 15, 16, 21, 22, 27, 28, 33, 34, 5, 6, 11, 12, 17, 18, 23, 24, 
          29, 30, 1, 2, 7, 8, 13, 14, 19, 20, 25, 26, 31, 32, 3, 4 ], 
      [ 5, 6, 11, 12, 17, 18, 23, 24, 29, 30, 1, 2, 7, 8, 13, 14, 19, 20, 25, 
          26, 31, 32, 3, 4, 9, 10, 15, 16, 21, 22, 27, 28, 33, 34 ], 
      [ 5, 6, 11, 12, 17, 18, 23, 24, 29, 30, 1, 2, 7, 8, 13, 14, 19, 20, 25, 
          26, 31, 32, 3, 4, 9, 10, 15, 16, 21, 22, 27, 28, 33, 34 ] ],
  ordFix := 2,
  ordf := 16,
  psi := GroupHomomorphismByImages( Group( 
    [ (1,2), ( 3, 4, 5, 6, 7, 8, 9,10,11,12,13,14,15,16,17,18,19) ] ), Group( 
    [ (1,2), ( 3, 4, 5, 6, 7, 8, 9,10,11,12,13,14,15,16,17,18,19) ] ), 
    [ (1,2), ( 3, 4, 5, 6, 7, 8, 9,10,11,12,13,14,15,16,17,18,19) ], 
    [ (1,2), ( 3, 6, 9,12,15,18, 4, 7,10,13,16,19, 5, 8,11,14,17) ] ) ),
# No.4
rec(
  G := Group( [ (1,2), ( 3, 4, 5, 6, 7, 8, 9,10,11,12,13,14,15,16,17,18,19) 
     ] ),
  isConnected := false,
  matrix := 
   [ [ 1, 2, 9, 10, 17, 18, 25, 26, 33, 34, 7, 8, 15, 16, 23, 24, 31, 32, 5, 
          6, 13, 14, 21, 22, 29, 30, 3, 4, 11, 12, 19, 20, 27, 28 ], 
      [ 1, 2, 9, 10, 17, 18, 25, 26, 33, 34, 7, 8, 15, 16, 23, 24, 31, 32, 5, 
          6, 13, 14, 21, 22, 29, 30, 3, 4, 11, 12, 19, 20, 27, 28 ], 
      [ 29, 30, 3, 4, 11, 12, 19, 20, 27, 28, 1, 2, 9, 10, 17, 18, 25, 26, 
          33, 34, 7, 8, 15, 16, 23, 24, 31, 32, 5, 6, 13, 14, 21, 22 ], 
      [ 29, 30, 3, 4, 11, 12, 19, 20, 27, 28, 1, 2, 9, 10, 17, 18, 25, 26, 
          33, 34, 7, 8, 15, 16, 23, 24, 31, 32, 5, 6, 13, 14, 21, 22 ], 
      [ 23, 24, 31, 32, 5, 6, 13, 14, 21, 22, 29, 30, 3, 4, 11, 12, 19, 20, 
          27, 28, 1, 2, 9, 10, 17, 18, 25, 26, 33, 34, 7, 8, 15, 16 ], 
      [ 23, 24, 31, 32, 5, 6, 13, 14, 21, 22, 29, 30, 3, 4, 11, 12, 19, 20, 
          27, 28, 1, 2, 9, 10, 17, 18, 25, 26, 33, 34, 7, 8, 15, 16 ], 
      [ 17, 18, 25, 26, 33, 34, 7, 8, 15, 16, 23, 24, 31, 32, 5, 6, 13, 14, 
          21, 22, 29, 30, 3, 4, 11, 12, 19, 20, 27, 28, 1, 2, 9, 10 ], 
      [ 17, 18, 25, 26, 33, 34, 7, 8, 15, 16, 23, 24, 31, 32, 5, 6, 13, 14, 
          21, 22, 29, 30, 3, 4, 11, 12, 19, 20, 27, 28, 1, 2, 9, 10 ], 
      [ 11, 12, 19, 20, 27, 28, 1, 2, 9, 10, 17, 18, 25, 26, 33, 34, 7, 8, 
          15, 16, 23, 24, 31, 32, 5, 6, 13, 14, 21, 22, 29, 30, 3, 4 ], 
      [ 11, 12, 19, 20, 27, 28, 1, 2, 9, 10, 17, 18, 25, 26, 33, 34, 7, 8, 
          15, 16, 23, 24, 31, 32, 5, 6, 13, 14, 21, 22, 29, 30, 3, 4 ], 
      [ 5, 6, 13, 14, 21, 22, 29, 30, 3, 4, 11, 12, 19, 20, 27, 28, 1, 2, 9, 
          10, 17, 18, 25, 26, 33, 34, 7, 8, 15, 16, 23, 24, 31, 32 ], 
      [ 5, 6, 13, 14, 21, 22, 29, 30, 3, 4, 11, 12, 19, 20, 27, 28, 1, 2, 9, 
          10, 17, 18, 25, 26, 33, 34, 7, 8, 15, 16, 23, 24, 31, 32 ], 
      [ 33, 34, 7, 8, 15, 16, 23, 24, 31, 32, 5, 6, 13, 14, 21, 22, 29, 30, 
          3, 4, 11, 12, 19, 20, 27, 28, 1, 2, 9, 10, 17, 18, 25, 26 ], 
      [ 33, 34, 7, 8, 15, 16, 23, 24, 31, 32, 5, 6, 13, 14, 21, 22, 29, 30, 
          3, 4, 11, 12, 19, 20, 27, 28, 1, 2, 9, 10, 17, 18, 25, 26 ], 
      [ 27, 28, 1, 2, 9, 10, 17, 18, 25, 26, 33, 34, 7, 8, 15, 16, 23, 24, 
          31, 32, 5, 6, 13, 14, 21, 22, 29, 30, 3, 4, 11, 12, 19, 20 ], 
      [ 27, 28, 1, 2, 9, 10, 17, 18, 25, 26, 33, 34, 7, 8, 15, 16, 23, 24, 
          31, 32, 5, 6, 13, 14, 21, 22, 29, 30, 3, 4, 11, 12, 19, 20 ], 
      [ 21, 22, 29, 30, 3, 4, 11, 12, 19, 20, 27, 28, 1, 2, 9, 10, 17, 18, 
          25, 26, 33, 34, 7, 8, 15, 16, 23, 24, 31, 32, 5, 6, 13, 14 ], 
      [ 21, 22, 29, 30, 3, 4, 11, 12, 19, 20, 27, 28, 1, 2, 9, 10, 17, 18, 
          25, 26, 33, 34, 7, 8, 15, 16, 23, 24, 31, 32, 5, 6, 13, 14 ], 
      [ 15, 16, 23, 24, 31, 32, 5, 6, 13, 14, 21, 22, 29, 30, 3, 4, 11, 12, 
          19, 20, 27, 28, 1, 2, 9, 10, 17, 18, 25, 26, 33, 34, 7, 8 ], 
      [ 15, 16, 23, 24, 31, 32, 5, 6, 13, 14, 21, 22, 29, 30, 3, 4, 11, 12, 
          19, 20, 27, 28, 1, 2, 9, 10, 17, 18, 25, 26, 33, 34, 7, 8 ], 
      [ 9, 10, 17, 18, 25, 26, 33, 34, 7, 8, 15, 16, 23, 24, 31, 32, 5, 6, 
          13, 14, 21, 22, 29, 30, 3, 4, 11, 12, 19, 20, 27, 28, 1, 2 ], 
      [ 9, 10, 17, 18, 25, 26, 33, 34, 7, 8, 15, 16, 23, 24, 31, 32, 5, 6, 
          13, 14, 21, 22, 29, 30, 3, 4, 11, 12, 19, 20, 27, 28, 1, 2 ], 
      [ 3, 4, 11, 12, 19, 20, 27, 28, 1, 2, 9, 10, 17, 18, 25, 26, 33, 34, 7, 
          8, 15, 16, 23, 24, 31, 32, 5, 6, 13, 14, 21, 22, 29, 30 ], 
      [ 3, 4, 11, 12, 19, 20, 27, 28, 1, 2, 9, 10, 17, 18, 25, 26, 33, 34, 7, 
          8, 15, 16, 23, 24, 31, 32, 5, 6, 13, 14, 21, 22, 29, 30 ], 
      [ 31, 32, 5, 6, 13, 14, 21, 22, 29, 30, 3, 4, 11, 12, 19, 20, 27, 28, 
          1, 2, 9, 10, 17, 18, 25, 26, 33, 34, 7, 8, 15, 16, 23, 24 ], 
      [ 31, 32, 5, 6, 13, 14, 21, 22, 29, 30, 3, 4, 11, 12, 19, 20, 27, 28, 
          1, 2, 9, 10, 17, 18, 25, 26, 33, 34, 7, 8, 15, 16, 23, 24 ], 
      [ 25, 26, 33, 34, 7, 8, 15, 16, 23, 24, 31, 32, 5, 6, 13, 14, 21, 22, 
          29, 30, 3, 4, 11, 12, 19, 20, 27, 28, 1, 2, 9, 10, 17, 18 ], 
      [ 25, 26, 33, 34, 7, 8, 15, 16, 23, 24, 31, 32, 5, 6, 13, 14, 21, 22, 
          29, 30, 3, 4, 11, 12, 19, 20, 27, 28, 1, 2, 9, 10, 17, 18 ], 
      [ 19, 20, 27, 28, 1, 2, 9, 10, 17, 18, 25, 26, 33, 34, 7, 8, 15, 16, 
          23, 24, 31, 32, 5, 6, 13, 14, 21, 22, 29, 30, 3, 4, 11, 12 ], 
      [ 19, 20, 27, 28, 1, 2, 9, 10, 17, 18, 25, 26, 33, 34, 7, 8, 15, 16, 
          23, 24, 31, 32, 5, 6, 13, 14, 21, 22, 29, 30, 3, 4, 11, 12 ], 
      [ 13, 14, 21, 22, 29, 30, 3, 4, 11, 12, 19, 20, 27, 28, 1, 2, 9, 10, 
          17, 18, 25, 26, 33, 34, 7, 8, 15, 16, 23, 24, 31, 32, 5, 6 ], 
      [ 13, 14, 21, 22, 29, 30, 3, 4, 11, 12, 19, 20, 27, 28, 1, 2, 9, 10, 
          17, 18, 25, 26, 33, 34, 7, 8, 15, 16, 23, 24, 31, 32, 5, 6 ], 
      [ 7, 8, 15, 16, 23, 24, 31, 32, 5, 6, 13, 14, 21, 22, 29, 30, 3, 4, 11, 
          12, 19, 20, 27, 28, 1, 2, 9, 10, 17, 18, 25, 26, 33, 34 ], 
      [ 7, 8, 15, 16, 23, 24, 31, 32, 5, 6, 13, 14, 21, 22, 29, 30, 3, 4, 11, 
          12, 19, 20, 27, 28, 1, 2, 9, 10, 17, 18, 25, 26, 33, 34 ] ],
  ordFix := 2,
  ordf := 4,
  psi := GroupHomomorphismByImages( Group( 
    [ (1,2), ( 3, 4, 5, 6, 7, 8, 9,10,11,12,13,14,15,16,17,18,19) ] ), Group( 
    [ (1,2), ( 3, 4, 5, 6, 7, 8, 9,10,11,12,13,14,15,16,17,18,19) ] ), 
    [ (1,2), ( 3, 4, 5, 6, 7, 8, 9,10,11,12,13,14,15,16,17,18,19) ], 
    [ (1,2), ( 3, 7,11,15,19, 6,10,14,18, 5, 9,13,17, 4, 8,12,16) ] ) ),
# No.5
rec(
  G := Group( [ (1,2), ( 3, 4, 5, 6, 7, 8, 9,10,11,12,13,14,15,16,17,18,19) 
     ] ),
  isConnected := false,
  matrix := 
   [ [ 1, 2, 11, 12, 21, 22, 31, 32, 7, 8, 17, 18, 27, 28, 3, 4, 13, 14, 23, 
          24, 33, 34, 9, 10, 19, 20, 29, 30, 5, 6, 15, 16, 25, 26 ], 
      [ 1, 2, 11, 12, 21, 22, 31, 32, 7, 8, 17, 18, 27, 28, 3, 4, 13, 14, 23, 
          24, 33, 34, 9, 10, 19, 20, 29, 30, 5, 6, 15, 16, 25, 26 ], 
      [ 27, 28, 3, 4, 13, 14, 23, 24, 33, 34, 9, 10, 19, 20, 29, 30, 5, 6, 
          15, 16, 25, 26, 1, 2, 11, 12, 21, 22, 31, 32, 7, 8, 17, 18 ], 
      [ 27, 28, 3, 4, 13, 14, 23, 24, 33, 34, 9, 10, 19, 20, 29, 30, 5, 6, 
          15, 16, 25, 26, 1, 2, 11, 12, 21, 22, 31, 32, 7, 8, 17, 18 ], 
      [ 19, 20, 29, 30, 5, 6, 15, 16, 25, 26, 1, 2, 11, 12, 21, 22, 31, 32, 
          7, 8, 17, 18, 27, 28, 3, 4, 13, 14, 23, 24, 33, 34, 9, 10 ], 
      [ 19, 20, 29, 30, 5, 6, 15, 16, 25, 26, 1, 2, 11, 12, 21, 22, 31, 32, 
          7, 8, 17, 18, 27, 28, 3, 4, 13, 14, 23, 24, 33, 34, 9, 10 ], 
      [ 11, 12, 21, 22, 31, 32, 7, 8, 17, 18, 27, 28, 3, 4, 13, 14, 23, 24, 
          33, 34, 9, 10, 19, 20, 29, 30, 5, 6, 15, 16, 25, 26, 1, 2 ], 
      [ 11, 12, 21, 22, 31, 32, 7, 8, 17, 18, 27, 28, 3, 4, 13, 14, 23, 24, 
          33, 34, 9, 10, 19, 20, 29, 30, 5, 6, 15, 16, 25, 26, 1, 2 ], 
      [ 3, 4, 13, 14, 23, 24, 33, 34, 9, 10, 19, 20, 29, 30, 5, 6, 15, 16, 
          25, 26, 1, 2, 11, 12, 21, 22, 31, 32, 7, 8, 17, 18, 27, 28 ], 
      [ 3, 4, 13, 14, 23, 24, 33, 34, 9, 10, 19, 20, 29, 30, 5, 6, 15, 16, 
          25, 26, 1, 2, 11, 12, 21, 22, 31, 32, 7, 8, 17, 18, 27, 28 ], 
      [ 29, 30, 5, 6, 15, 16, 25, 26, 1, 2, 11, 12, 21, 22, 31, 32, 7, 8, 17, 
          18, 27, 28, 3, 4, 13, 14, 23, 24, 33, 34, 9, 10, 19, 20 ], 
      [ 29, 30, 5, 6, 15, 16, 25, 26, 1, 2, 11, 12, 21, 22, 31, 32, 7, 8, 17, 
          18, 27, 28, 3, 4, 13, 14, 23, 24, 33, 34, 9, 10, 19, 20 ], 
      [ 21, 22, 31, 32, 7, 8, 17, 18, 27, 28, 3, 4, 13, 14, 23, 24, 33, 34, 
          9, 10, 19, 20, 29, 30, 5, 6, 15, 16, 25, 26, 1, 2, 11, 12 ], 
      [ 21, 22, 31, 32, 7, 8, 17, 18, 27, 28, 3, 4, 13, 14, 23, 24, 33, 34, 
          9, 10, 19, 20, 29, 30, 5, 6, 15, 16, 25, 26, 1, 2, 11, 12 ], 
      [ 13, 14, 23, 24, 33, 34, 9, 10, 19, 20, 29, 30, 5, 6, 15, 16, 25, 26, 
          1, 2, 11, 12, 21, 22, 31, 32, 7, 8, 17, 18, 27, 28, 3, 4 ], 
      [ 13, 14, 23, 24, 33, 34, 9, 10, 19, 20, 29, 30, 5, 6, 15, 16, 25, 26, 
          1, 2, 11, 12, 21, 22, 31, 32, 7, 8, 17, 18, 27, 28, 3, 4 ], 
      [ 5, 6, 15, 16, 25, 26, 1, 2, 11, 12, 21, 22, 31, 32, 7, 8, 17, 18, 27, 
          28, 3, 4, 13, 14, 23, 24, 33, 34, 9, 10, 19, 20, 29, 30 ], 
      [ 5, 6, 15, 16, 25, 26, 1, 2, 11, 12, 21, 22, 31, 32, 7, 8, 17, 18, 27, 
          28, 3, 4, 13, 14, 23, 24, 33, 34, 9, 10, 19, 20, 29, 30 ], 
      [ 31, 32, 7, 8, 17, 18, 27, 28, 3, 4, 13, 14, 23, 24, 33, 34, 9, 10, 
          19, 20, 29, 30, 5, 6, 15, 16, 25, 26, 1, 2, 11, 12, 21, 22 ], 
      [ 31, 32, 7, 8, 17, 18, 27, 28, 3, 4, 13, 14, 23, 24, 33, 34, 9, 10, 
          19, 20, 29, 30, 5, 6, 15, 16, 25, 26, 1, 2, 11, 12, 21, 22 ], 
      [ 23, 24, 33, 34, 9, 10, 19, 20, 29, 30, 5, 6, 15, 16, 25, 26, 1, 2, 
          11, 12, 21, 22, 31, 32, 7, 8, 17, 18, 27, 28, 3, 4, 13, 14 ], 
      [ 23, 24, 33, 34, 9, 10, 19, 20, 29, 30, 5, 6, 15, 16, 25, 26, 1, 2, 
          11, 12, 21, 22, 31, 32, 7, 8, 17, 18, 27, 28, 3, 4, 13, 14 ], 
      [ 15, 16, 25, 26, 1, 2, 11, 12, 21, 22, 31, 32, 7, 8, 17, 18, 27, 28, 
          3, 4, 13, 14, 23, 24, 33, 34, 9, 10, 19, 20, 29, 30, 5, 6 ], 
      [ 15, 16, 25, 26, 1, 2, 11, 12, 21, 22, 31, 32, 7, 8, 17, 18, 27, 28, 
          3, 4, 13, 14, 23, 24, 33, 34, 9, 10, 19, 20, 29, 30, 5, 6 ], 
      [ 7, 8, 17, 18, 27, 28, 3, 4, 13, 14, 23, 24, 33, 34, 9, 10, 19, 20, 
          29, 30, 5, 6, 15, 16, 25, 26, 1, 2, 11, 12, 21, 22, 31, 32 ], 
      [ 7, 8, 17, 18, 27, 28, 3, 4, 13, 14, 23, 24, 33, 34, 9, 10, 19, 20, 
          29, 30, 5, 6, 15, 16, 25, 26, 1, 2, 11, 12, 21, 22, 31, 32 ], 
      [ 33, 34, 9, 10, 19, 20, 29, 30, 5, 6, 15, 16, 25, 26, 1, 2, 11, 12, 
          21, 22, 31, 32, 7, 8, 17, 18, 27, 28, 3, 4, 13, 14, 23, 24 ], 
      [ 33, 34, 9, 10, 19, 20, 29, 30, 5, 6, 15, 16, 25, 26, 1, 2, 11, 12, 
          21, 22, 31, 32, 7, 8, 17, 18, 27, 28, 3, 4, 13, 14, 23, 24 ], 
      [ 25, 26, 1, 2, 11, 12, 21, 22, 31, 32, 7, 8, 17, 18, 27, 28, 3, 4, 13, 
          14, 23, 24, 33, 34, 9, 10, 19, 20, 29, 30, 5, 6, 15, 16 ], 
      [ 25, 26, 1, 2, 11, 12, 21, 22, 31, 32, 7, 8, 17, 18, 27, 28, 3, 4, 13, 
          14, 23, 24, 33, 34, 9, 10, 19, 20, 29, 30, 5, 6, 15, 16 ], 
      [ 17, 18, 27, 28, 3, 4, 13, 14, 23, 24, 33, 34, 9, 10, 19, 20, 29, 30, 
          5, 6, 15, 16, 25, 26, 1, 2, 11, 12, 21, 22, 31, 32, 7, 8 ], 
      [ 17, 18, 27, 28, 3, 4, 13, 14, 23, 24, 33, 34, 9, 10, 19, 20, 29, 30, 
          5, 6, 15, 16, 25, 26, 1, 2, 11, 12, 21, 22, 31, 32, 7, 8 ], 
      [ 9, 10, 19, 20, 29, 30, 5, 6, 15, 16, 25, 26, 1, 2, 11, 12, 21, 22, 
          31, 32, 7, 8, 17, 18, 27, 28, 3, 4, 13, 14, 23, 24, 33, 34 ], 
      [ 9, 10, 19, 20, 29, 30, 5, 6, 15, 16, 25, 26, 1, 2, 11, 12, 21, 22, 
          31, 32, 7, 8, 17, 18, 27, 28, 3, 4, 13, 14, 23, 24, 33, 34 ] ],
  ordFix := 2,
  ordf := 16,
  psi := GroupHomomorphismByImages( Group( 
    [ (1,2), ( 3, 4, 5, 6, 7, 8, 9,10,11,12,13,14,15,16,17,18,19) ] ), Group( 
    [ (1,2), ( 3, 4, 5, 6, 7, 8, 9,10,11,12,13,14,15,16,17,18,19) ] ), 
    [ (1,2), ( 3, 4, 5, 6, 7, 8, 9,10,11,12,13,14,15,16,17,18,19) ], 
    [ (1,2), ( 3, 8,13,18, 6,11,16, 4, 9,14,19, 7,12,17, 5,10,15) ] ) ),
# No.6
rec(
  G := Group( [ (1,2), ( 3, 4, 5, 6, 7, 8, 9,10,11,12,13,14,15,16,17,18,19) 
     ] ),
  isConnected := false,
  matrix := 
   [ [ 1, 2, 13, 14, 25, 26, 3, 4, 15, 16, 27, 28, 5, 6, 17, 18, 29, 30, 7, 
          8, 19, 20, 31, 32, 9, 10, 21, 22, 33, 34, 11, 12, 23, 24 ], 
      [ 1, 2, 13, 14, 25, 26, 3, 4, 15, 16, 27, 28, 5, 6, 17, 18, 29, 30, 7, 
          8, 19, 20, 31, 32, 9, 10, 21, 22, 33, 34, 11, 12, 23, 24 ], 
      [ 25, 26, 3, 4, 15, 16, 27, 28, 5, 6, 17, 18, 29, 30, 7, 8, 19, 20, 31, 
          32, 9, 10, 21, 22, 33, 34, 11, 12, 23, 24, 1, 2, 13, 14 ], 
      [ 25, 26, 3, 4, 15, 16, 27, 28, 5, 6, 17, 18, 29, 30, 7, 8, 19, 20, 31, 
          32, 9, 10, 21, 22, 33, 34, 11, 12, 23, 24, 1, 2, 13, 14 ], 
      [ 15, 16, 27, 28, 5, 6, 17, 18, 29, 30, 7, 8, 19, 20, 31, 32, 9, 10, 
          21, 22, 33, 34, 11, 12, 23, 24, 1, 2, 13, 14, 25, 26, 3, 4 ], 
      [ 15, 16, 27, 28, 5, 6, 17, 18, 29, 30, 7, 8, 19, 20, 31, 32, 9, 10, 
          21, 22, 33, 34, 11, 12, 23, 24, 1, 2, 13, 14, 25, 26, 3, 4 ], 
      [ 5, 6, 17, 18, 29, 30, 7, 8, 19, 20, 31, 32, 9, 10, 21, 22, 33, 34, 
          11, 12, 23, 24, 1, 2, 13, 14, 25, 26, 3, 4, 15, 16, 27, 28 ], 
      [ 5, 6, 17, 18, 29, 30, 7, 8, 19, 20, 31, 32, 9, 10, 21, 22, 33, 34, 
          11, 12, 23, 24, 1, 2, 13, 14, 25, 26, 3, 4, 15, 16, 27, 28 ], 
      [ 29, 30, 7, 8, 19, 20, 31, 32, 9, 10, 21, 22, 33, 34, 11, 12, 23, 24, 
          1, 2, 13, 14, 25, 26, 3, 4, 15, 16, 27, 28, 5, 6, 17, 18 ], 
      [ 29, 30, 7, 8, 19, 20, 31, 32, 9, 10, 21, 22, 33, 34, 11, 12, 23, 24, 
          1, 2, 13, 14, 25, 26, 3, 4, 15, 16, 27, 28, 5, 6, 17, 18 ], 
      [ 19, 20, 31, 32, 9, 10, 21, 22, 33, 34, 11, 12, 23, 24, 1, 2, 13, 14, 
          25, 26, 3, 4, 15, 16, 27, 28, 5, 6, 17, 18, 29, 30, 7, 8 ], 
      [ 19, 20, 31, 32, 9, 10, 21, 22, 33, 34, 11, 12, 23, 24, 1, 2, 13, 14, 
          25, 26, 3, 4, 15, 16, 27, 28, 5, 6, 17, 18, 29, 30, 7, 8 ], 
      [ 9, 10, 21, 22, 33, 34, 11, 12, 23, 24, 1, 2, 13, 14, 25, 26, 3, 4, 
          15, 16, 27, 28, 5, 6, 17, 18, 29, 30, 7, 8, 19, 20, 31, 32 ], 
      [ 9, 10, 21, 22, 33, 34, 11, 12, 23, 24, 1, 2, 13, 14, 25, 26, 3, 4, 
          15, 16, 27, 28, 5, 6, 17, 18, 29, 30, 7, 8, 19, 20, 31, 32 ], 
      [ 33, 34, 11, 12, 23, 24, 1, 2, 13, 14, 25, 26, 3, 4, 15, 16, 27, 28, 
          5, 6, 17, 18, 29, 30, 7, 8, 19, 20, 31, 32, 9, 10, 21, 22 ], 
      [ 33, 34, 11, 12, 23, 24, 1, 2, 13, 14, 25, 26, 3, 4, 15, 16, 27, 28, 
          5, 6, 17, 18, 29, 30, 7, 8, 19, 20, 31, 32, 9, 10, 21, 22 ], 
      [ 23, 24, 1, 2, 13, 14, 25, 26, 3, 4, 15, 16, 27, 28, 5, 6, 17, 18, 29, 
          30, 7, 8, 19, 20, 31, 32, 9, 10, 21, 22, 33, 34, 11, 12 ], 
      [ 23, 24, 1, 2, 13, 14, 25, 26, 3, 4, 15, 16, 27, 28, 5, 6, 17, 18, 29, 
          30, 7, 8, 19, 20, 31, 32, 9, 10, 21, 22, 33, 34, 11, 12 ], 
      [ 13, 14, 25, 26, 3, 4, 15, 16, 27, 28, 5, 6, 17, 18, 29, 30, 7, 8, 19, 
          20, 31, 32, 9, 10, 21, 22, 33, 34, 11, 12, 23, 24, 1, 2 ], 
      [ 13, 14, 25, 26, 3, 4, 15, 16, 27, 28, 5, 6, 17, 18, 29, 30, 7, 8, 19, 
          20, 31, 32, 9, 10, 21, 22, 33, 34, 11, 12, 23, 24, 1, 2 ], 
      [ 3, 4, 15, 16, 27, 28, 5, 6, 17, 18, 29, 30, 7, 8, 19, 20, 31, 32, 9, 
          10, 21, 22, 33, 34, 11, 12, 23, 24, 1, 2, 13, 14, 25, 26 ], 
      [ 3, 4, 15, 16, 27, 28, 5, 6, 17, 18, 29, 30, 7, 8, 19, 20, 31, 32, 9, 
          10, 21, 22, 33, 34, 11, 12, 23, 24, 1, 2, 13, 14, 25, 26 ], 
      [ 27, 28, 5, 6, 17, 18, 29, 30, 7, 8, 19, 20, 31, 32, 9, 10, 21, 22, 
          33, 34, 11, 12, 23, 24, 1, 2, 13, 14, 25, 26, 3, 4, 15, 16 ], 
      [ 27, 28, 5, 6, 17, 18, 29, 30, 7, 8, 19, 20, 31, 32, 9, 10, 21, 22, 
          33, 34, 11, 12, 23, 24, 1, 2, 13, 14, 25, 26, 3, 4, 15, 16 ], 
      [ 17, 18, 29, 30, 7, 8, 19, 20, 31, 32, 9, 10, 21, 22, 33, 34, 11, 12, 
          23, 24, 1, 2, 13, 14, 25, 26, 3, 4, 15, 16, 27, 28, 5, 6 ], 
      [ 17, 18, 29, 30, 7, 8, 19, 20, 31, 32, 9, 10, 21, 22, 33, 34, 11, 12, 
          23, 24, 1, 2, 13, 14, 25, 26, 3, 4, 15, 16, 27, 28, 5, 6 ], 
      [ 7, 8, 19, 20, 31, 32, 9, 10, 21, 22, 33, 34, 11, 12, 23, 24, 1, 2, 
          13, 14, 25, 26, 3, 4, 15, 16, 27, 28, 5, 6, 17, 18, 29, 30 ], 
      [ 7, 8, 19, 20, 31, 32, 9, 10, 21, 22, 33, 34, 11, 12, 23, 24, 1, 2, 
          13, 14, 25, 26, 3, 4, 15, 16, 27, 28, 5, 6, 17, 18, 29, 30 ], 
      [ 31, 32, 9, 10, 21, 22, 33, 34, 11, 12, 23, 24, 1, 2, 13, 14, 25, 26, 
          3, 4, 15, 16, 27, 28, 5, 6, 17, 18, 29, 30, 7, 8, 19, 20 ], 
      [ 31, 32, 9, 10, 21, 22, 33, 34, 11, 12, 23, 24, 1, 2, 13, 14, 25, 26, 
          3, 4, 15, 16, 27, 28, 5, 6, 17, 18, 29, 30, 7, 8, 19, 20 ], 
      [ 21, 22, 33, 34, 11, 12, 23, 24, 1, 2, 13, 14, 25, 26, 3, 4, 15, 16, 
          27, 28, 5, 6, 17, 18, 29, 30, 7, 8, 19, 20, 31, 32, 9, 10 ], 
      [ 21, 22, 33, 34, 11, 12, 23, 24, 1, 2, 13, 14, 25, 26, 3, 4, 15, 16, 
          27, 28, 5, 6, 17, 18, 29, 30, 7, 8, 19, 20, 31, 32, 9, 10 ], 
      [ 11, 12, 23, 24, 1, 2, 13, 14, 25, 26, 3, 4, 15, 16, 27, 28, 5, 6, 17, 
          18, 29, 30, 7, 8, 19, 20, 31, 32, 9, 10, 21, 22, 33, 34 ], 
      [ 11, 12, 23, 24, 1, 2, 13, 14, 25, 26, 3, 4, 15, 16, 27, 28, 5, 6, 17, 
          18, 29, 30, 7, 8, 19, 20, 31, 32, 9, 10, 21, 22, 33, 34 ] ],
  ordFix := 2,
  ordf := 16,
  psi := GroupHomomorphismByImages( Group( 
    [ (1,2), ( 3, 4, 5, 6, 7, 8, 9,10,11,12,13,14,15,16,17,18,19) ] ), Group( 
    [ (1,2), ( 3, 4, 5, 6, 7, 8, 9,10,11,12,13,14,15,16,17,18,19) ] ), 
    [ (1,2), ( 3, 4, 5, 6, 7, 8, 9,10,11,12,13,14,15,16,17,18,19) ], 
    [ (1,2), ( 3, 9,15, 4,10,16, 5,11,17, 6,12,18, 7,13,19, 8,14) ] ) ),
# No.7
rec(
  G := Group( [ (1,2), ( 3, 4, 5, 6, 7, 8, 9,10,11,12,13,14,15,16,17,18,19) 
     ] ),
  isConnected := false,
  matrix := 
   [ [ 1, 2, 15, 16, 29, 30, 9, 10, 23, 24, 3, 4, 17, 18, 31, 32, 11, 12, 25, 
          26, 5, 6, 19, 20, 33, 34, 13, 14, 27, 28, 7, 8, 21, 22 ], 
      [ 1, 2, 15, 16, 29, 30, 9, 10, 23, 24, 3, 4, 17, 18, 31, 32, 11, 12, 
          25, 26, 5, 6, 19, 20, 33, 34, 13, 14, 27, 28, 7, 8, 21, 22 ], 
      [ 23, 24, 3, 4, 17, 18, 31, 32, 11, 12, 25, 26, 5, 6, 19, 20, 33, 34, 
          13, 14, 27, 28, 7, 8, 21, 22, 1, 2, 15, 16, 29, 30, 9, 10 ], 
      [ 23, 24, 3, 4, 17, 18, 31, 32, 11, 12, 25, 26, 5, 6, 19, 20, 33, 34, 
          13, 14, 27, 28, 7, 8, 21, 22, 1, 2, 15, 16, 29, 30, 9, 10 ], 
      [ 11, 12, 25, 26, 5, 6, 19, 20, 33, 34, 13, 14, 27, 28, 7, 8, 21, 22, 
          1, 2, 15, 16, 29, 30, 9, 10, 23, 24, 3, 4, 17, 18, 31, 32 ], 
      [ 11, 12, 25, 26, 5, 6, 19, 20, 33, 34, 13, 14, 27, 28, 7, 8, 21, 22, 
          1, 2, 15, 16, 29, 30, 9, 10, 23, 24, 3, 4, 17, 18, 31, 32 ], 
      [ 33, 34, 13, 14, 27, 28, 7, 8, 21, 22, 1, 2, 15, 16, 29, 30, 9, 10, 
          23, 24, 3, 4, 17, 18, 31, 32, 11, 12, 25, 26, 5, 6, 19, 20 ], 
      [ 33, 34, 13, 14, 27, 28, 7, 8, 21, 22, 1, 2, 15, 16, 29, 30, 9, 10, 
          23, 24, 3, 4, 17, 18, 31, 32, 11, 12, 25, 26, 5, 6, 19, 20 ], 
      [ 21, 22, 1, 2, 15, 16, 29, 30, 9, 10, 23, 24, 3, 4, 17, 18, 31, 32, 
          11, 12, 25, 26, 5, 6, 19, 20, 33, 34, 13, 14, 27, 28, 7, 8 ], 
      [ 21, 22, 1, 2, 15, 16, 29, 30, 9, 10, 23, 24, 3, 4, 17, 18, 31, 32, 
          11, 12, 25, 26, 5, 6, 19, 20, 33, 34, 13, 14, 27, 28, 7, 8 ], 
      [ 9, 10, 23, 24, 3, 4, 17, 18, 31, 32, 11, 12, 25, 26, 5, 6, 19, 20, 
          33, 34, 13, 14, 27, 28, 7, 8, 21, 22, 1, 2, 15, 16, 29, 30 ], 
      [ 9, 10, 23, 24, 3, 4, 17, 18, 31, 32, 11, 12, 25, 26, 5, 6, 19, 20, 
          33, 34, 13, 14, 27, 28, 7, 8, 21, 22, 1, 2, 15, 16, 29, 30 ], 
      [ 31, 32, 11, 12, 25, 26, 5, 6, 19, 20, 33, 34, 13, 14, 27, 28, 7, 8, 
          21, 22, 1, 2, 15, 16, 29, 30, 9, 10, 23, 24, 3, 4, 17, 18 ], 
      [ 31, 32, 11, 12, 25, 26, 5, 6, 19, 20, 33, 34, 13, 14, 27, 28, 7, 8, 
          21, 22, 1, 2, 15, 16, 29, 30, 9, 10, 23, 24, 3, 4, 17, 18 ], 
      [ 19, 20, 33, 34, 13, 14, 27, 28, 7, 8, 21, 22, 1, 2, 15, 16, 29, 30, 
          9, 10, 23, 24, 3, 4, 17, 18, 31, 32, 11, 12, 25, 26, 5, 6 ], 
      [ 19, 20, 33, 34, 13, 14, 27, 28, 7, 8, 21, 22, 1, 2, 15, 16, 29, 30, 
          9, 10, 23, 24, 3, 4, 17, 18, 31, 32, 11, 12, 25, 26, 5, 6 ], 
      [ 7, 8, 21, 22, 1, 2, 15, 16, 29, 30, 9, 10, 23, 24, 3, 4, 17, 18, 31, 
          32, 11, 12, 25, 26, 5, 6, 19, 20, 33, 34, 13, 14, 27, 28 ], 
      [ 7, 8, 21, 22, 1, 2, 15, 16, 29, 30, 9, 10, 23, 24, 3, 4, 17, 18, 31, 
          32, 11, 12, 25, 26, 5, 6, 19, 20, 33, 34, 13, 14, 27, 28 ], 
      [ 29, 30, 9, 10, 23, 24, 3, 4, 17, 18, 31, 32, 11, 12, 25, 26, 5, 6, 
          19, 20, 33, 34, 13, 14, 27, 28, 7, 8, 21, 22, 1, 2, 15, 16 ], 
      [ 29, 30, 9, 10, 23, 24, 3, 4, 17, 18, 31, 32, 11, 12, 25, 26, 5, 6, 
          19, 20, 33, 34, 13, 14, 27, 28, 7, 8, 21, 22, 1, 2, 15, 16 ], 
      [ 17, 18, 31, 32, 11, 12, 25, 26, 5, 6, 19, 20, 33, 34, 13, 14, 27, 28, 
          7, 8, 21, 22, 1, 2, 15, 16, 29, 30, 9, 10, 23, 24, 3, 4 ], 
      [ 17, 18, 31, 32, 11, 12, 25, 26, 5, 6, 19, 20, 33, 34, 13, 14, 27, 28, 
          7, 8, 21, 22, 1, 2, 15, 16, 29, 30, 9, 10, 23, 24, 3, 4 ], 
      [ 5, 6, 19, 20, 33, 34, 13, 14, 27, 28, 7, 8, 21, 22, 1, 2, 15, 16, 29, 
          30, 9, 10, 23, 24, 3, 4, 17, 18, 31, 32, 11, 12, 25, 26 ], 
      [ 5, 6, 19, 20, 33, 34, 13, 14, 27, 28, 7, 8, 21, 22, 1, 2, 15, 16, 29, 
          30, 9, 10, 23, 24, 3, 4, 17, 18, 31, 32, 11, 12, 25, 26 ], 
      [ 27, 28, 7, 8, 21, 22, 1, 2, 15, 16, 29, 30, 9, 10, 23, 24, 3, 4, 17, 
          18, 31, 32, 11, 12, 25, 26, 5, 6, 19, 20, 33, 34, 13, 14 ], 
      [ 27, 28, 7, 8, 21, 22, 1, 2, 15, 16, 29, 30, 9, 10, 23, 24, 3, 4, 17, 
          18, 31, 32, 11, 12, 25, 26, 5, 6, 19, 20, 33, 34, 13, 14 ], 
      [ 15, 16, 29, 30, 9, 10, 23, 24, 3, 4, 17, 18, 31, 32, 11, 12, 25, 26, 
          5, 6, 19, 20, 33, 34, 13, 14, 27, 28, 7, 8, 21, 22, 1, 2 ], 
      [ 15, 16, 29, 30, 9, 10, 23, 24, 3, 4, 17, 18, 31, 32, 11, 12, 25, 26, 
          5, 6, 19, 20, 33, 34, 13, 14, 27, 28, 7, 8, 21, 22, 1, 2 ], 
      [ 3, 4, 17, 18, 31, 32, 11, 12, 25, 26, 5, 6, 19, 20, 33, 34, 13, 14, 
          27, 28, 7, 8, 21, 22, 1, 2, 15, 16, 29, 30, 9, 10, 23, 24 ], 
      [ 3, 4, 17, 18, 31, 32, 11, 12, 25, 26, 5, 6, 19, 20, 33, 34, 13, 14, 
          27, 28, 7, 8, 21, 22, 1, 2, 15, 16, 29, 30, 9, 10, 23, 24 ], 
      [ 25, 26, 5, 6, 19, 20, 33, 34, 13, 14, 27, 28, 7, 8, 21, 22, 1, 2, 15, 
          16, 29, 30, 9, 10, 23, 24, 3, 4, 17, 18, 31, 32, 11, 12 ], 
      [ 25, 26, 5, 6, 19, 20, 33, 34, 13, 14, 27, 28, 7, 8, 21, 22, 1, 2, 15, 
          16, 29, 30, 9, 10, 23, 24, 3, 4, 17, 18, 31, 32, 11, 12 ], 
      [ 13, 14, 27, 28, 7, 8, 21, 22, 1, 2, 15, 16, 29, 30, 9, 10, 23, 24, 3, 
          4, 17, 18, 31, 32, 11, 12, 25, 26, 5, 6, 19, 20, 33, 34 ], 
      [ 13, 14, 27, 28, 7, 8, 21, 22, 1, 2, 15, 16, 29, 30, 9, 10, 23, 24, 3, 
          4, 17, 18, 31, 32, 11, 12, 25, 26, 5, 6, 19, 20, 33, 34 ] ],
  ordFix := 2,
  ordf := 16,
  psi := GroupHomomorphismByImages( Group( 
    [ (1,2), ( 3, 4, 5, 6, 7, 8, 9,10,11,12,13,14,15,16,17,18,19) ] ), Group( 
    [ (1,2), ( 3, 4, 5, 6, 7, 8, 9,10,11,12,13,14,15,16,17,18,19) ] ), 
    [ (1,2), ( 3, 4, 5, 6, 7, 8, 9,10,11,12,13,14,15,16,17,18,19) ], 
    [ (1,2), ( 3,10,17, 7,14, 4,11,18, 8,15, 5,12,19, 9,16, 6,13) ] ) ),
# No.8
rec(
  G := Group( [ (1,2), ( 3, 4, 5, 6, 7, 8, 9,10,11,12,13,14,15,16,17,18,19) 
     ] ),
  isConnected := false,
  matrix := 
   [ [ 1, 2, 17, 18, 33, 34, 15, 16, 31, 32, 13, 14, 29, 30, 11, 12, 27, 28, 
          9, 10, 25, 26, 7, 8, 23, 24, 5, 6, 21, 22, 3, 4, 19, 20 ], 
      [ 1, 2, 17, 18, 33, 34, 15, 16, 31, 32, 13, 14, 29, 30, 11, 12, 27, 28, 
          9, 10, 25, 26, 7, 8, 23, 24, 5, 6, 21, 22, 3, 4, 19, 20 ], 
      [ 21, 22, 3, 4, 19, 20, 1, 2, 17, 18, 33, 34, 15, 16, 31, 32, 13, 14, 
          29, 30, 11, 12, 27, 28, 9, 10, 25, 26, 7, 8, 23, 24, 5, 6 ], 
      [ 21, 22, 3, 4, 19, 20, 1, 2, 17, 18, 33, 34, 15, 16, 31, 32, 13, 14, 
          29, 30, 11, 12, 27, 28, 9, 10, 25, 26, 7, 8, 23, 24, 5, 6 ], 
      [ 7, 8, 23, 24, 5, 6, 21, 22, 3, 4, 19, 20, 1, 2, 17, 18, 33, 34, 15, 
          16, 31, 32, 13, 14, 29, 30, 11, 12, 27, 28, 9, 10, 25, 26 ], 
      [ 7, 8, 23, 24, 5, 6, 21, 22, 3, 4, 19, 20, 1, 2, 17, 18, 33, 34, 15, 
          16, 31, 32, 13, 14, 29, 30, 11, 12, 27, 28, 9, 10, 25, 26 ], 
      [ 27, 28, 9, 10, 25, 26, 7, 8, 23, 24, 5, 6, 21, 22, 3, 4, 19, 20, 1, 
          2, 17, 18, 33, 34, 15, 16, 31, 32, 13, 14, 29, 30, 11, 12 ], 
      [ 27, 28, 9, 10, 25, 26, 7, 8, 23, 24, 5, 6, 21, 22, 3, 4, 19, 20, 1, 
          2, 17, 18, 33, 34, 15, 16, 31, 32, 13, 14, 29, 30, 11, 12 ], 
      [ 13, 14, 29, 30, 11, 12, 27, 28, 9, 10, 25, 26, 7, 8, 23, 24, 5, 6, 
          21, 22, 3, 4, 19, 20, 1, 2, 17, 18, 33, 34, 15, 16, 31, 32 ], 
      [ 13, 14, 29, 30, 11, 12, 27, 28, 9, 10, 25, 26, 7, 8, 23, 24, 5, 6, 
          21, 22, 3, 4, 19, 20, 1, 2, 17, 18, 33, 34, 15, 16, 31, 32 ], 
      [ 33, 34, 15, 16, 31, 32, 13, 14, 29, 30, 11, 12, 27, 28, 9, 10, 25, 
          26, 7, 8, 23, 24, 5, 6, 21, 22, 3, 4, 19, 20, 1, 2, 17, 18 ], 
      [ 33, 34, 15, 16, 31, 32, 13, 14, 29, 30, 11, 12, 27, 28, 9, 10, 25, 
          26, 7, 8, 23, 24, 5, 6, 21, 22, 3, 4, 19, 20, 1, 2, 17, 18 ], 
      [ 19, 20, 1, 2, 17, 18, 33, 34, 15, 16, 31, 32, 13, 14, 29, 30, 11, 12, 
          27, 28, 9, 10, 25, 26, 7, 8, 23, 24, 5, 6, 21, 22, 3, 4 ], 
      [ 19, 20, 1, 2, 17, 18, 33, 34, 15, 16, 31, 32, 13, 14, 29, 30, 11, 12, 
          27, 28, 9, 10, 25, 26, 7, 8, 23, 24, 5, 6, 21, 22, 3, 4 ], 
      [ 5, 6, 21, 22, 3, 4, 19, 20, 1, 2, 17, 18, 33, 34, 15, 16, 31, 32, 13, 
          14, 29, 30, 11, 12, 27, 28, 9, 10, 25, 26, 7, 8, 23, 24 ], 
      [ 5, 6, 21, 22, 3, 4, 19, 20, 1, 2, 17, 18, 33, 34, 15, 16, 31, 32, 13, 
          14, 29, 30, 11, 12, 27, 28, 9, 10, 25, 26, 7, 8, 23, 24 ], 
      [ 25, 26, 7, 8, 23, 24, 5, 6, 21, 22, 3, 4, 19, 20, 1, 2, 17, 18, 33, 
          34, 15, 16, 31, 32, 13, 14, 29, 30, 11, 12, 27, 28, 9, 10 ], 
      [ 25, 26, 7, 8, 23, 24, 5, 6, 21, 22, 3, 4, 19, 20, 1, 2, 17, 18, 33, 
          34, 15, 16, 31, 32, 13, 14, 29, 30, 11, 12, 27, 28, 9, 10 ], 
      [ 11, 12, 27, 28, 9, 10, 25, 26, 7, 8, 23, 24, 5, 6, 21, 22, 3, 4, 19, 
          20, 1, 2, 17, 18, 33, 34, 15, 16, 31, 32, 13, 14, 29, 30 ], 
      [ 11, 12, 27, 28, 9, 10, 25, 26, 7, 8, 23, 24, 5, 6, 21, 22, 3, 4, 19, 
          20, 1, 2, 17, 18, 33, 34, 15, 16, 31, 32, 13, 14, 29, 30 ], 
      [ 31, 32, 13, 14, 29, 30, 11, 12, 27, 28, 9, 10, 25, 26, 7, 8, 23, 24, 
          5, 6, 21, 22, 3, 4, 19, 20, 1, 2, 17, 18, 33, 34, 15, 16 ], 
      [ 31, 32, 13, 14, 29, 30, 11, 12, 27, 28, 9, 10, 25, 26, 7, 8, 23, 24, 
          5, 6, 21, 22, 3, 4, 19, 20, 1, 2, 17, 18, 33, 34, 15, 16 ], 
      [ 17, 18, 33, 34, 15, 16, 31, 32, 13, 14, 29, 30, 11, 12, 27, 28, 9, 
          10, 25, 26, 7, 8, 23, 24, 5, 6, 21, 22, 3, 4, 19, 20, 1, 2 ], 
      [ 17, 18, 33, 34, 15, 16, 31, 32, 13, 14, 29, 30, 11, 12, 27, 28, 9, 
          10, 25, 26, 7, 8, 23, 24, 5, 6, 21, 22, 3, 4, 19, 20, 1, 2 ], 
      [ 3, 4, 19, 20, 1, 2, 17, 18, 33, 34, 15, 16, 31, 32, 13, 14, 29, 30, 
          11, 12, 27, 28, 9, 10, 25, 26, 7, 8, 23, 24, 5, 6, 21, 22 ], 
      [ 3, 4, 19, 20, 1, 2, 17, 18, 33, 34, 15, 16, 31, 32, 13, 14, 29, 30, 
          11, 12, 27, 28, 9, 10, 25, 26, 7, 8, 23, 24, 5, 6, 21, 22 ], 
      [ 23, 24, 5, 6, 21, 22, 3, 4, 19, 20, 1, 2, 17, 18, 33, 34, 15, 16, 31, 
          32, 13, 14, 29, 30, 11, 12, 27, 28, 9, 10, 25, 26, 7, 8 ], 
      [ 23, 24, 5, 6, 21, 22, 3, 4, 19, 20, 1, 2, 17, 18, 33, 34, 15, 16, 31, 
          32, 13, 14, 29, 30, 11, 12, 27, 28, 9, 10, 25, 26, 7, 8 ], 
      [ 9, 10, 25, 26, 7, 8, 23, 24, 5, 6, 21, 22, 3, 4, 19, 20, 1, 2, 17, 
          18, 33, 34, 15, 16, 31, 32, 13, 14, 29, 30, 11, 12, 27, 28 ], 
      [ 9, 10, 25, 26, 7, 8, 23, 24, 5, 6, 21, 22, 3, 4, 19, 20, 1, 2, 17, 
          18, 33, 34, 15, 16, 31, 32, 13, 14, 29, 30, 11, 12, 27, 28 ], 
      [ 29, 30, 11, 12, 27, 28, 9, 10, 25, 26, 7, 8, 23, 24, 5, 6, 21, 22, 3, 
          4, 19, 20, 1, 2, 17, 18, 33, 34, 15, 16, 31, 32, 13, 14 ], 
      [ 29, 30, 11, 12, 27, 28, 9, 10, 25, 26, 7, 8, 23, 24, 5, 6, 21, 22, 3, 
          4, 19, 20, 1, 2, 17, 18, 33, 34, 15, 16, 31, 32, 13, 14 ], 
      [ 15, 16, 31, 32, 13, 14, 29, 30, 11, 12, 27, 28, 9, 10, 25, 26, 7, 8, 
          23, 24, 5, 6, 21, 22, 3, 4, 19, 20, 1, 2, 17, 18, 33, 34 ], 
      [ 15, 16, 31, 32, 13, 14, 29, 30, 11, 12, 27, 28, 9, 10, 25, 26, 7, 8, 
          23, 24, 5, 6, 21, 22, 3, 4, 19, 20, 1, 2, 17, 18, 33, 34 ] ],
  ordFix := 2,
  ordf := 8,
  psi := GroupHomomorphismByImages( Group( 
    [ (1,2), ( 3, 4, 5, 6, 7, 8, 9,10,11,12,13,14,15,16,17,18,19) ] ), Group( 
    [ (1,2), ( 3, 4, 5, 6, 7, 8, 9,10,11,12,13,14,15,16,17,18,19) ] ), 
    [ (1,2), ( 3, 4, 5, 6, 7, 8, 9,10,11,12,13,14,15,16,17,18,19) ], 
    [ (1,2), ( 3,11,19,10,18, 9,17, 8,16, 7,15, 6,14, 5,13, 4,12) ] ) ),
# No.9
rec(
  G := Group( [ (1,2), ( 3, 4, 5, 6, 7, 8, 9,10,11,12,13,14,15,16,17,18,19) 
     ] ),
  isConnected := false,
  matrix := 
   [ [ 1, 2, 19, 20, 3, 4, 21, 22, 5, 6, 23, 24, 7, 8, 25, 26, 9, 10, 27, 28, 
          11, 12, 29, 30, 13, 14, 31, 32, 15, 16, 33, 34, 17, 18 ], 
      [ 1, 2, 19, 20, 3, 4, 21, 22, 5, 6, 23, 24, 7, 8, 25, 26, 9, 10, 27, 
          28, 11, 12, 29, 30, 13, 14, 31, 32, 15, 16, 33, 34, 17, 18 ], 
      [ 19, 20, 3, 4, 21, 22, 5, 6, 23, 24, 7, 8, 25, 26, 9, 10, 27, 28, 11, 
          12, 29, 30, 13, 14, 31, 32, 15, 16, 33, 34, 17, 18, 1, 2 ], 
      [ 19, 20, 3, 4, 21, 22, 5, 6, 23, 24, 7, 8, 25, 26, 9, 10, 27, 28, 11, 
          12, 29, 30, 13, 14, 31, 32, 15, 16, 33, 34, 17, 18, 1, 2 ], 
      [ 3, 4, 21, 22, 5, 6, 23, 24, 7, 8, 25, 26, 9, 10, 27, 28, 11, 12, 29, 
          30, 13, 14, 31, 32, 15, 16, 33, 34, 17, 18, 1, 2, 19, 20 ], 
      [ 3, 4, 21, 22, 5, 6, 23, 24, 7, 8, 25, 26, 9, 10, 27, 28, 11, 12, 29, 
          30, 13, 14, 31, 32, 15, 16, 33, 34, 17, 18, 1, 2, 19, 20 ], 
      [ 21, 22, 5, 6, 23, 24, 7, 8, 25, 26, 9, 10, 27, 28, 11, 12, 29, 30, 
          13, 14, 31, 32, 15, 16, 33, 34, 17, 18, 1, 2, 19, 20, 3, 4 ], 
      [ 21, 22, 5, 6, 23, 24, 7, 8, 25, 26, 9, 10, 27, 28, 11, 12, 29, 30, 
          13, 14, 31, 32, 15, 16, 33, 34, 17, 18, 1, 2, 19, 20, 3, 4 ], 
      [ 5, 6, 23, 24, 7, 8, 25, 26, 9, 10, 27, 28, 11, 12, 29, 30, 13, 14, 
          31, 32, 15, 16, 33, 34, 17, 18, 1, 2, 19, 20, 3, 4, 21, 22 ], 
      [ 5, 6, 23, 24, 7, 8, 25, 26, 9, 10, 27, 28, 11, 12, 29, 30, 13, 14, 
          31, 32, 15, 16, 33, 34, 17, 18, 1, 2, 19, 20, 3, 4, 21, 22 ], 
      [ 23, 24, 7, 8, 25, 26, 9, 10, 27, 28, 11, 12, 29, 30, 13, 14, 31, 32, 
          15, 16, 33, 34, 17, 18, 1, 2, 19, 20, 3, 4, 21, 22, 5, 6 ], 
      [ 23, 24, 7, 8, 25, 26, 9, 10, 27, 28, 11, 12, 29, 30, 13, 14, 31, 32, 
          15, 16, 33, 34, 17, 18, 1, 2, 19, 20, 3, 4, 21, 22, 5, 6 ], 
      [ 7, 8, 25, 26, 9, 10, 27, 28, 11, 12, 29, 30, 13, 14, 31, 32, 15, 16, 
          33, 34, 17, 18, 1, 2, 19, 20, 3, 4, 21, 22, 5, 6, 23, 24 ], 
      [ 7, 8, 25, 26, 9, 10, 27, 28, 11, 12, 29, 30, 13, 14, 31, 32, 15, 16, 
          33, 34, 17, 18, 1, 2, 19, 20, 3, 4, 21, 22, 5, 6, 23, 24 ], 
      [ 25, 26, 9, 10, 27, 28, 11, 12, 29, 30, 13, 14, 31, 32, 15, 16, 33, 
          34, 17, 18, 1, 2, 19, 20, 3, 4, 21, 22, 5, 6, 23, 24, 7, 8 ], 
      [ 25, 26, 9, 10, 27, 28, 11, 12, 29, 30, 13, 14, 31, 32, 15, 16, 33, 
          34, 17, 18, 1, 2, 19, 20, 3, 4, 21, 22, 5, 6, 23, 24, 7, 8 ], 
      [ 9, 10, 27, 28, 11, 12, 29, 30, 13, 14, 31, 32, 15, 16, 33, 34, 17, 
          18, 1, 2, 19, 20, 3, 4, 21, 22, 5, 6, 23, 24, 7, 8, 25, 26 ], 
      [ 9, 10, 27, 28, 11, 12, 29, 30, 13, 14, 31, 32, 15, 16, 33, 34, 17, 
          18, 1, 2, 19, 20, 3, 4, 21, 22, 5, 6, 23, 24, 7, 8, 25, 26 ], 
      [ 27, 28, 11, 12, 29, 30, 13, 14, 31, 32, 15, 16, 33, 34, 17, 18, 1, 2, 
          19, 20, 3, 4, 21, 22, 5, 6, 23, 24, 7, 8, 25, 26, 9, 10 ], 
      [ 27, 28, 11, 12, 29, 30, 13, 14, 31, 32, 15, 16, 33, 34, 17, 18, 1, 2, 
          19, 20, 3, 4, 21, 22, 5, 6, 23, 24, 7, 8, 25, 26, 9, 10 ], 
      [ 11, 12, 29, 30, 13, 14, 31, 32, 15, 16, 33, 34, 17, 18, 1, 2, 19, 20, 
          3, 4, 21, 22, 5, 6, 23, 24, 7, 8, 25, 26, 9, 10, 27, 28 ], 
      [ 11, 12, 29, 30, 13, 14, 31, 32, 15, 16, 33, 34, 17, 18, 1, 2, 19, 20, 
          3, 4, 21, 22, 5, 6, 23, 24, 7, 8, 25, 26, 9, 10, 27, 28 ], 
      [ 29, 30, 13, 14, 31, 32, 15, 16, 33, 34, 17, 18, 1, 2, 19, 20, 3, 4, 
          21, 22, 5, 6, 23, 24, 7, 8, 25, 26, 9, 10, 27, 28, 11, 12 ], 
      [ 29, 30, 13, 14, 31, 32, 15, 16, 33, 34, 17, 18, 1, 2, 19, 20, 3, 4, 
          21, 22, 5, 6, 23, 24, 7, 8, 25, 26, 9, 10, 27, 28, 11, 12 ], 
      [ 13, 14, 31, 32, 15, 16, 33, 34, 17, 18, 1, 2, 19, 20, 3, 4, 21, 22, 
          5, 6, 23, 24, 7, 8, 25, 26, 9, 10, 27, 28, 11, 12, 29, 30 ], 
      [ 13, 14, 31, 32, 15, 16, 33, 34, 17, 18, 1, 2, 19, 20, 3, 4, 21, 22, 
          5, 6, 23, 24, 7, 8, 25, 26, 9, 10, 27, 28, 11, 12, 29, 30 ], 
      [ 31, 32, 15, 16, 33, 34, 17, 18, 1, 2, 19, 20, 3, 4, 21, 22, 5, 6, 23, 
          24, 7, 8, 25, 26, 9, 10, 27, 28, 11, 12, 29, 30, 13, 14 ], 
      [ 31, 32, 15, 16, 33, 34, 17, 18, 1, 2, 19, 20, 3, 4, 21, 22, 5, 6, 23, 
          24, 7, 8, 25, 26, 9, 10, 27, 28, 11, 12, 29, 30, 13, 14 ], 
      [ 15, 16, 33, 34, 17, 18, 1, 2, 19, 20, 3, 4, 21, 22, 5, 6, 23, 24, 7, 
          8, 25, 26, 9, 10, 27, 28, 11, 12, 29, 30, 13, 14, 31, 32 ], 
      [ 15, 16, 33, 34, 17, 18, 1, 2, 19, 20, 3, 4, 21, 22, 5, 6, 23, 24, 7, 
          8, 25, 26, 9, 10, 27, 28, 11, 12, 29, 30, 13, 14, 31, 32 ], 
      [ 33, 34, 17, 18, 1, 2, 19, 20, 3, 4, 21, 22, 5, 6, 23, 24, 7, 8, 25, 
          26, 9, 10, 27, 28, 11, 12, 29, 30, 13, 14, 31, 32, 15, 16 ], 
      [ 33, 34, 17, 18, 1, 2, 19, 20, 3, 4, 21, 22, 5, 6, 23, 24, 7, 8, 25, 
          26, 9, 10, 27, 28, 11, 12, 29, 30, 13, 14, 31, 32, 15, 16 ], 
      [ 17, 18, 1, 2, 19, 20, 3, 4, 21, 22, 5, 6, 23, 24, 7, 8, 25, 26, 9, 
          10, 27, 28, 11, 12, 29, 30, 13, 14, 31, 32, 15, 16, 33, 34 ], 
      [ 17, 18, 1, 2, 19, 20, 3, 4, 21, 22, 5, 6, 23, 24, 7, 8, 25, 26, 9, 
          10, 27, 28, 11, 12, 29, 30, 13, 14, 31, 32, 15, 16, 33, 34 ] ],
  ordFix := 2,
  ordf := 8,
  psi := GroupHomomorphismByImages( Group( 
    [ (1,2), ( 3, 4, 5, 6, 7, 8, 9,10,11,12,13,14,15,16,17,18,19) ] ), Group( 
    [ (1,2), ( 3, 4, 5, 6, 7, 8, 9,10,11,12,13,14,15,16,17,18,19) ] ), 
    [ (1,2), ( 3, 4, 5, 6, 7, 8, 9,10,11,12,13,14,15,16,17,18,19) ], 
    [ (1,2), ( 3,12, 4,13, 5,14, 6,15, 7,16, 8,17, 9,18,10,19,11) ] ) ),
# No.10
rec(
  G := Group( [ (1,2), ( 3, 4, 5, 6, 7, 8, 9,10,11,12,13,14,15,16,17,18,19) 
     ] ),
  isConnected := false,
  matrix := 
   [ [ 1, 2, 21, 22, 7, 8, 27, 28, 13, 14, 33, 34, 19, 20, 5, 6, 25, 26, 11, 
          12, 31, 32, 17, 18, 3, 4, 23, 24, 9, 10, 29, 30, 15, 16 ], 
      [ 1, 2, 21, 22, 7, 8, 27, 28, 13, 14, 33, 34, 19, 20, 5, 6, 25, 26, 11, 
          12, 31, 32, 17, 18, 3, 4, 23, 24, 9, 10, 29, 30, 15, 16 ], 
      [ 17, 18, 3, 4, 23, 24, 9, 10, 29, 30, 15, 16, 1, 2, 21, 22, 7, 8, 27, 
          28, 13, 14, 33, 34, 19, 20, 5, 6, 25, 26, 11, 12, 31, 32 ], 
      [ 17, 18, 3, 4, 23, 24, 9, 10, 29, 30, 15, 16, 1, 2, 21, 22, 7, 8, 27, 
          28, 13, 14, 33, 34, 19, 20, 5, 6, 25, 26, 11, 12, 31, 32 ], 
      [ 33, 34, 19, 20, 5, 6, 25, 26, 11, 12, 31, 32, 17, 18, 3, 4, 23, 24, 
          9, 10, 29, 30, 15, 16, 1, 2, 21, 22, 7, 8, 27, 28, 13, 14 ], 
      [ 33, 34, 19, 20, 5, 6, 25, 26, 11, 12, 31, 32, 17, 18, 3, 4, 23, 24, 
          9, 10, 29, 30, 15, 16, 1, 2, 21, 22, 7, 8, 27, 28, 13, 14 ], 
      [ 15, 16, 1, 2, 21, 22, 7, 8, 27, 28, 13, 14, 33, 34, 19, 20, 5, 6, 25, 
          26, 11, 12, 31, 32, 17, 18, 3, 4, 23, 24, 9, 10, 29, 30 ], 
      [ 15, 16, 1, 2, 21, 22, 7, 8, 27, 28, 13, 14, 33, 34, 19, 20, 5, 6, 25, 
          26, 11, 12, 31, 32, 17, 18, 3, 4, 23, 24, 9, 10, 29, 30 ], 
      [ 31, 32, 17, 18, 3, 4, 23, 24, 9, 10, 29, 30, 15, 16, 1, 2, 21, 22, 7, 
          8, 27, 28, 13, 14, 33, 34, 19, 20, 5, 6, 25, 26, 11, 12 ], 
      [ 31, 32, 17, 18, 3, 4, 23, 24, 9, 10, 29, 30, 15, 16, 1, 2, 21, 22, 7, 
          8, 27, 28, 13, 14, 33, 34, 19, 20, 5, 6, 25, 26, 11, 12 ], 
      [ 13, 14, 33, 34, 19, 20, 5, 6, 25, 26, 11, 12, 31, 32, 17, 18, 3, 4, 
          23, 24, 9, 10, 29, 30, 15, 16, 1, 2, 21, 22, 7, 8, 27, 28 ], 
      [ 13, 14, 33, 34, 19, 20, 5, 6, 25, 26, 11, 12, 31, 32, 17, 18, 3, 4, 
          23, 24, 9, 10, 29, 30, 15, 16, 1, 2, 21, 22, 7, 8, 27, 28 ], 
      [ 29, 30, 15, 16, 1, 2, 21, 22, 7, 8, 27, 28, 13, 14, 33, 34, 19, 20, 
          5, 6, 25, 26, 11, 12, 31, 32, 17, 18, 3, 4, 23, 24, 9, 10 ], 
      [ 29, 30, 15, 16, 1, 2, 21, 22, 7, 8, 27, 28, 13, 14, 33, 34, 19, 20, 
          5, 6, 25, 26, 11, 12, 31, 32, 17, 18, 3, 4, 23, 24, 9, 10 ], 
      [ 11, 12, 31, 32, 17, 18, 3, 4, 23, 24, 9, 10, 29, 30, 15, 16, 1, 2, 
          21, 22, 7, 8, 27, 28, 13, 14, 33, 34, 19, 20, 5, 6, 25, 26 ], 
      [ 11, 12, 31, 32, 17, 18, 3, 4, 23, 24, 9, 10, 29, 30, 15, 16, 1, 2, 
          21, 22, 7, 8, 27, 28, 13, 14, 33, 34, 19, 20, 5, 6, 25, 26 ], 
      [ 27, 28, 13, 14, 33, 34, 19, 20, 5, 6, 25, 26, 11, 12, 31, 32, 17, 18, 
          3, 4, 23, 24, 9, 10, 29, 30, 15, 16, 1, 2, 21, 22, 7, 8 ], 
      [ 27, 28, 13, 14, 33, 34, 19, 20, 5, 6, 25, 26, 11, 12, 31, 32, 17, 18, 
          3, 4, 23, 24, 9, 10, 29, 30, 15, 16, 1, 2, 21, 22, 7, 8 ], 
      [ 9, 10, 29, 30, 15, 16, 1, 2, 21, 22, 7, 8, 27, 28, 13, 14, 33, 34, 
          19, 20, 5, 6, 25, 26, 11, 12, 31, 32, 17, 18, 3, 4, 23, 24 ], 
      [ 9, 10, 29, 30, 15, 16, 1, 2, 21, 22, 7, 8, 27, 28, 13, 14, 33, 34, 
          19, 20, 5, 6, 25, 26, 11, 12, 31, 32, 17, 18, 3, 4, 23, 24 ], 
      [ 25, 26, 11, 12, 31, 32, 17, 18, 3, 4, 23, 24, 9, 10, 29, 30, 15, 16, 
          1, 2, 21, 22, 7, 8, 27, 28, 13, 14, 33, 34, 19, 20, 5, 6 ], 
      [ 25, 26, 11, 12, 31, 32, 17, 18, 3, 4, 23, 24, 9, 10, 29, 30, 15, 16, 
          1, 2, 21, 22, 7, 8, 27, 28, 13, 14, 33, 34, 19, 20, 5, 6 ], 
      [ 7, 8, 27, 28, 13, 14, 33, 34, 19, 20, 5, 6, 25, 26, 11, 12, 31, 32, 
          17, 18, 3, 4, 23, 24, 9, 10, 29, 30, 15, 16, 1, 2, 21, 22 ], 
      [ 7, 8, 27, 28, 13, 14, 33, 34, 19, 20, 5, 6, 25, 26, 11, 12, 31, 32, 
          17, 18, 3, 4, 23, 24, 9, 10, 29, 30, 15, 16, 1, 2, 21, 22 ], 
      [ 23, 24, 9, 10, 29, 30, 15, 16, 1, 2, 21, 22, 7, 8, 27, 28, 13, 14, 
          33, 34, 19, 20, 5, 6, 25, 26, 11, 12, 31, 32, 17, 18, 3, 4 ], 
      [ 23, 24, 9, 10, 29, 30, 15, 16, 1, 2, 21, 22, 7, 8, 27, 28, 13, 14, 
          33, 34, 19, 20, 5, 6, 25, 26, 11, 12, 31, 32, 17, 18, 3, 4 ], 
      [ 5, 6, 25, 26, 11, 12, 31, 32, 17, 18, 3, 4, 23, 24, 9, 10, 29, 30, 
          15, 16, 1, 2, 21, 22, 7, 8, 27, 28, 13, 14, 33, 34, 19, 20 ], 
      [ 5, 6, 25, 26, 11, 12, 31, 32, 17, 18, 3, 4, 23, 24, 9, 10, 29, 30, 
          15, 16, 1, 2, 21, 22, 7, 8, 27, 28, 13, 14, 33, 34, 19, 20 ], 
      [ 21, 22, 7, 8, 27, 28, 13, 14, 33, 34, 19, 20, 5, 6, 25, 26, 11, 12, 
          31, 32, 17, 18, 3, 4, 23, 24, 9, 10, 29, 30, 15, 16, 1, 2 ], 
      [ 21, 22, 7, 8, 27, 28, 13, 14, 33, 34, 19, 20, 5, 6, 25, 26, 11, 12, 
          31, 32, 17, 18, 3, 4, 23, 24, 9, 10, 29, 30, 15, 16, 1, 2 ], 
      [ 3, 4, 23, 24, 9, 10, 29, 30, 15, 16, 1, 2, 21, 22, 7, 8, 27, 28, 13, 
          14, 33, 34, 19, 20, 5, 6, 25, 26, 11, 12, 31, 32, 17, 18 ], 
      [ 3, 4, 23, 24, 9, 10, 29, 30, 15, 16, 1, 2, 21, 22, 7, 8, 27, 28, 13, 
          14, 33, 34, 19, 20, 5, 6, 25, 26, 11, 12, 31, 32, 17, 18 ], 
      [ 19, 20, 5, 6, 25, 26, 11, 12, 31, 32, 17, 18, 3, 4, 23, 24, 9, 10, 
          29, 30, 15, 16, 1, 2, 21, 22, 7, 8, 27, 28, 13, 14, 33, 34 ], 
      [ 19, 20, 5, 6, 25, 26, 11, 12, 31, 32, 17, 18, 3, 4, 23, 24, 9, 10, 
          29, 30, 15, 16, 1, 2, 21, 22, 7, 8, 27, 28, 13, 14, 33, 34 ] ],
  ordFix := 2,
  ordf := 16,
  psi := GroupHomomorphismByImages( Group( 
    [ (1,2), ( 3, 4, 5, 6, 7, 8, 9,10,11,12,13,14,15,16,17,18,19) ] ), Group( 
    [ (1,2), ( 3, 4, 5, 6, 7, 8, 9,10,11,12,13,14,15,16,17,18,19) ] ), 
    [ (1,2), ( 3, 4, 5, 6, 7, 8, 9,10,11,12,13,14,15,16,17,18,19) ], 
    [ (1,2), ( 3,13, 6,16, 9,19,12, 5,15, 8,18,11, 4,14, 7,17,10) ] ) ),
# No.11
rec(
  G := Group( [ (1,2), ( 3, 4, 5, 6, 7, 8, 9,10,11,12,13,14,15,16,17,18,19) 
     ] ),
  isConnected := false,
  matrix := 
   [ [ 1, 2, 23, 24, 11, 12, 33, 34, 21, 22, 9, 10, 31, 32, 19, 20, 7, 8, 29, 
          30, 17, 18, 5, 6, 27, 28, 15, 16, 3, 4, 25, 26, 13, 14 ], 
      [ 1, 2, 23, 24, 11, 12, 33, 34, 21, 22, 9, 10, 31, 32, 19, 20, 7, 8, 
          29, 30, 17, 18, 5, 6, 27, 28, 15, 16, 3, 4, 25, 26, 13, 14 ], 
      [ 15, 16, 3, 4, 25, 26, 13, 14, 1, 2, 23, 24, 11, 12, 33, 34, 21, 22, 
          9, 10, 31, 32, 19, 20, 7, 8, 29, 30, 17, 18, 5, 6, 27, 28 ], 
      [ 15, 16, 3, 4, 25, 26, 13, 14, 1, 2, 23, 24, 11, 12, 33, 34, 21, 22, 
          9, 10, 31, 32, 19, 20, 7, 8, 29, 30, 17, 18, 5, 6, 27, 28 ], 
      [ 29, 30, 17, 18, 5, 6, 27, 28, 15, 16, 3, 4, 25, 26, 13, 14, 1, 2, 23, 
          24, 11, 12, 33, 34, 21, 22, 9, 10, 31, 32, 19, 20, 7, 8 ], 
      [ 29, 30, 17, 18, 5, 6, 27, 28, 15, 16, 3, 4, 25, 26, 13, 14, 1, 2, 23, 
          24, 11, 12, 33, 34, 21, 22, 9, 10, 31, 32, 19, 20, 7, 8 ], 
      [ 9, 10, 31, 32, 19, 20, 7, 8, 29, 30, 17, 18, 5, 6, 27, 28, 15, 16, 3, 
          4, 25, 26, 13, 14, 1, 2, 23, 24, 11, 12, 33, 34, 21, 22 ], 
      [ 9, 10, 31, 32, 19, 20, 7, 8, 29, 30, 17, 18, 5, 6, 27, 28, 15, 16, 3, 
          4, 25, 26, 13, 14, 1, 2, 23, 24, 11, 12, 33, 34, 21, 22 ], 
      [ 23, 24, 11, 12, 33, 34, 21, 22, 9, 10, 31, 32, 19, 20, 7, 8, 29, 30, 
          17, 18, 5, 6, 27, 28, 15, 16, 3, 4, 25, 26, 13, 14, 1, 2 ], 
      [ 23, 24, 11, 12, 33, 34, 21, 22, 9, 10, 31, 32, 19, 20, 7, 8, 29, 30, 
          17, 18, 5, 6, 27, 28, 15, 16, 3, 4, 25, 26, 13, 14, 1, 2 ], 
      [ 3, 4, 25, 26, 13, 14, 1, 2, 23, 24, 11, 12, 33, 34, 21, 22, 9, 10, 
          31, 32, 19, 20, 7, 8, 29, 30, 17, 18, 5, 6, 27, 28, 15, 16 ], 
      [ 3, 4, 25, 26, 13, 14, 1, 2, 23, 24, 11, 12, 33, 34, 21, 22, 9, 10, 
          31, 32, 19, 20, 7, 8, 29, 30, 17, 18, 5, 6, 27, 28, 15, 16 ], 
      [ 17, 18, 5, 6, 27, 28, 15, 16, 3, 4, 25, 26, 13, 14, 1, 2, 23, 24, 11, 
          12, 33, 34, 21, 22, 9, 10, 31, 32, 19, 20, 7, 8, 29, 30 ], 
      [ 17, 18, 5, 6, 27, 28, 15, 16, 3, 4, 25, 26, 13, 14, 1, 2, 23, 24, 11, 
          12, 33, 34, 21, 22, 9, 10, 31, 32, 19, 20, 7, 8, 29, 30 ], 
      [ 31, 32, 19, 20, 7, 8, 29, 30, 17, 18, 5, 6, 27, 28, 15, 16, 3, 4, 25, 
          26, 13, 14, 1, 2, 23, 24, 11, 12, 33, 34, 21, 22, 9, 10 ], 
      [ 31, 32, 19, 20, 7, 8, 29, 30, 17, 18, 5, 6, 27, 28, 15, 16, 3, 4, 25, 
          26, 13, 14, 1, 2, 23, 24, 11, 12, 33, 34, 21, 22, 9, 10 ], 
      [ 11, 12, 33, 34, 21, 22, 9, 10, 31, 32, 19, 20, 7, 8, 29, 30, 17, 18, 
          5, 6, 27, 28, 15, 16, 3, 4, 25, 26, 13, 14, 1, 2, 23, 24 ], 
      [ 11, 12, 33, 34, 21, 22, 9, 10, 31, 32, 19, 20, 7, 8, 29, 30, 17, 18, 
          5, 6, 27, 28, 15, 16, 3, 4, 25, 26, 13, 14, 1, 2, 23, 24 ], 
      [ 25, 26, 13, 14, 1, 2, 23, 24, 11, 12, 33, 34, 21, 22, 9, 10, 31, 32, 
          19, 20, 7, 8, 29, 30, 17, 18, 5, 6, 27, 28, 15, 16, 3, 4 ], 
      [ 25, 26, 13, 14, 1, 2, 23, 24, 11, 12, 33, 34, 21, 22, 9, 10, 31, 32, 
          19, 20, 7, 8, 29, 30, 17, 18, 5, 6, 27, 28, 15, 16, 3, 4 ], 
      [ 5, 6, 27, 28, 15, 16, 3, 4, 25, 26, 13, 14, 1, 2, 23, 24, 11, 12, 33, 
          34, 21, 22, 9, 10, 31, 32, 19, 20, 7, 8, 29, 30, 17, 18 ], 
      [ 5, 6, 27, 28, 15, 16, 3, 4, 25, 26, 13, 14, 1, 2, 23, 24, 11, 12, 33, 
          34, 21, 22, 9, 10, 31, 32, 19, 20, 7, 8, 29, 30, 17, 18 ], 
      [ 19, 20, 7, 8, 29, 30, 17, 18, 5, 6, 27, 28, 15, 16, 3, 4, 25, 26, 13, 
          14, 1, 2, 23, 24, 11, 12, 33, 34, 21, 22, 9, 10, 31, 32 ], 
      [ 19, 20, 7, 8, 29, 30, 17, 18, 5, 6, 27, 28, 15, 16, 3, 4, 25, 26, 13, 
          14, 1, 2, 23, 24, 11, 12, 33, 34, 21, 22, 9, 10, 31, 32 ], 
      [ 33, 34, 21, 22, 9, 10, 31, 32, 19, 20, 7, 8, 29, 30, 17, 18, 5, 6, 
          27, 28, 15, 16, 3, 4, 25, 26, 13, 14, 1, 2, 23, 24, 11, 12 ], 
      [ 33, 34, 21, 22, 9, 10, 31, 32, 19, 20, 7, 8, 29, 30, 17, 18, 5, 6, 
          27, 28, 15, 16, 3, 4, 25, 26, 13, 14, 1, 2, 23, 24, 11, 12 ], 
      [ 13, 14, 1, 2, 23, 24, 11, 12, 33, 34, 21, 22, 9, 10, 31, 32, 19, 20, 
          7, 8, 29, 30, 17, 18, 5, 6, 27, 28, 15, 16, 3, 4, 25, 26 ], 
      [ 13, 14, 1, 2, 23, 24, 11, 12, 33, 34, 21, 22, 9, 10, 31, 32, 19, 20, 
          7, 8, 29, 30, 17, 18, 5, 6, 27, 28, 15, 16, 3, 4, 25, 26 ], 
      [ 27, 28, 15, 16, 3, 4, 25, 26, 13, 14, 1, 2, 23, 24, 11, 12, 33, 34, 
          21, 22, 9, 10, 31, 32, 19, 20, 7, 8, 29, 30, 17, 18, 5, 6 ], 
      [ 27, 28, 15, 16, 3, 4, 25, 26, 13, 14, 1, 2, 23, 24, 11, 12, 33, 34, 
          21, 22, 9, 10, 31, 32, 19, 20, 7, 8, 29, 30, 17, 18, 5, 6 ], 
      [ 7, 8, 29, 30, 17, 18, 5, 6, 27, 28, 15, 16, 3, 4, 25, 26, 13, 14, 1, 
          2, 23, 24, 11, 12, 33, 34, 21, 22, 9, 10, 31, 32, 19, 20 ], 
      [ 7, 8, 29, 30, 17, 18, 5, 6, 27, 28, 15, 16, 3, 4, 25, 26, 13, 14, 1, 
          2, 23, 24, 11, 12, 33, 34, 21, 22, 9, 10, 31, 32, 19, 20 ], 
      [ 21, 22, 9, 10, 31, 32, 19, 20, 7, 8, 29, 30, 17, 18, 5, 6, 27, 28, 
          15, 16, 3, 4, 25, 26, 13, 14, 1, 2, 23, 24, 11, 12, 33, 34 ], 
      [ 21, 22, 9, 10, 31, 32, 19, 20, 7, 8, 29, 30, 17, 18, 5, 6, 27, 28, 
          15, 16, 3, 4, 25, 26, 13, 14, 1, 2, 23, 24, 11, 12, 33, 34 ] ],
  ordFix := 2,
  ordf := 16,
  psi := GroupHomomorphismByImages( Group( 
    [ (1,2), ( 3, 4, 5, 6, 7, 8, 9,10,11,12,13,14,15,16,17,18,19) ] ), Group( 
    [ (1,2), ( 3, 4, 5, 6, 7, 8, 9,10,11,12,13,14,15,16,17,18,19) ] ), 
    [ (1,2), ( 3, 4, 5, 6, 7, 8, 9,10,11,12,13,14,15,16,17,18,19) ], 
    [ (1,2), ( 3,14, 8,19,13, 7,18,12, 6,17,11, 5,16,10, 4,15, 9) ] ) ),
# No.12
rec(
  G := Group( [ (1,2), ( 3, 4, 5, 6, 7, 8, 9,10,11,12,13,14,15,16,17,18,19) 
     ] ),
  isConnected := false,
  matrix := 
   [ [ 1, 2, 25, 26, 15, 16, 5, 6, 29, 30, 19, 20, 9, 10, 33, 34, 23, 24, 13, 
          14, 3, 4, 27, 28, 17, 18, 7, 8, 31, 32, 21, 22, 11, 12 ], 
      [ 1, 2, 25, 26, 15, 16, 5, 6, 29, 30, 19, 20, 9, 10, 33, 34, 23, 24, 
          13, 14, 3, 4, 27, 28, 17, 18, 7, 8, 31, 32, 21, 22, 11, 12 ], 
      [ 13, 14, 3, 4, 27, 28, 17, 18, 7, 8, 31, 32, 21, 22, 11, 12, 1, 2, 25, 
          26, 15, 16, 5, 6, 29, 30, 19, 20, 9, 10, 33, 34, 23, 24 ], 
      [ 13, 14, 3, 4, 27, 28, 17, 18, 7, 8, 31, 32, 21, 22, 11, 12, 1, 2, 25, 
          26, 15, 16, 5, 6, 29, 30, 19, 20, 9, 10, 33, 34, 23, 24 ], 
      [ 25, 26, 15, 16, 5, 6, 29, 30, 19, 20, 9, 10, 33, 34, 23, 24, 13, 14, 
          3, 4, 27, 28, 17, 18, 7, 8, 31, 32, 21, 22, 11, 12, 1, 2 ], 
      [ 25, 26, 15, 16, 5, 6, 29, 30, 19, 20, 9, 10, 33, 34, 23, 24, 13, 14, 
          3, 4, 27, 28, 17, 18, 7, 8, 31, 32, 21, 22, 11, 12, 1, 2 ], 
      [ 3, 4, 27, 28, 17, 18, 7, 8, 31, 32, 21, 22, 11, 12, 1, 2, 25, 26, 15, 
          16, 5, 6, 29, 30, 19, 20, 9, 10, 33, 34, 23, 24, 13, 14 ], 
      [ 3, 4, 27, 28, 17, 18, 7, 8, 31, 32, 21, 22, 11, 12, 1, 2, 25, 26, 15, 
          16, 5, 6, 29, 30, 19, 20, 9, 10, 33, 34, 23, 24, 13, 14 ], 
      [ 15, 16, 5, 6, 29, 30, 19, 20, 9, 10, 33, 34, 23, 24, 13, 14, 3, 4, 
          27, 28, 17, 18, 7, 8, 31, 32, 21, 22, 11, 12, 1, 2, 25, 26 ], 
      [ 15, 16, 5, 6, 29, 30, 19, 20, 9, 10, 33, 34, 23, 24, 13, 14, 3, 4, 
          27, 28, 17, 18, 7, 8, 31, 32, 21, 22, 11, 12, 1, 2, 25, 26 ], 
      [ 27, 28, 17, 18, 7, 8, 31, 32, 21, 22, 11, 12, 1, 2, 25, 26, 15, 16, 
          5, 6, 29, 30, 19, 20, 9, 10, 33, 34, 23, 24, 13, 14, 3, 4 ], 
      [ 27, 28, 17, 18, 7, 8, 31, 32, 21, 22, 11, 12, 1, 2, 25, 26, 15, 16, 
          5, 6, 29, 30, 19, 20, 9, 10, 33, 34, 23, 24, 13, 14, 3, 4 ], 
      [ 5, 6, 29, 30, 19, 20, 9, 10, 33, 34, 23, 24, 13, 14, 3, 4, 27, 28, 
          17, 18, 7, 8, 31, 32, 21, 22, 11, 12, 1, 2, 25, 26, 15, 16 ], 
      [ 5, 6, 29, 30, 19, 20, 9, 10, 33, 34, 23, 24, 13, 14, 3, 4, 27, 28, 
          17, 18, 7, 8, 31, 32, 21, 22, 11, 12, 1, 2, 25, 26, 15, 16 ], 
      [ 17, 18, 7, 8, 31, 32, 21, 22, 11, 12, 1, 2, 25, 26, 15, 16, 5, 6, 29, 
          30, 19, 20, 9, 10, 33, 34, 23, 24, 13, 14, 3, 4, 27, 28 ], 
      [ 17, 18, 7, 8, 31, 32, 21, 22, 11, 12, 1, 2, 25, 26, 15, 16, 5, 6, 29, 
          30, 19, 20, 9, 10, 33, 34, 23, 24, 13, 14, 3, 4, 27, 28 ], 
      [ 29, 30, 19, 20, 9, 10, 33, 34, 23, 24, 13, 14, 3, 4, 27, 28, 17, 18, 
          7, 8, 31, 32, 21, 22, 11, 12, 1, 2, 25, 26, 15, 16, 5, 6 ], 
      [ 29, 30, 19, 20, 9, 10, 33, 34, 23, 24, 13, 14, 3, 4, 27, 28, 17, 18, 
          7, 8, 31, 32, 21, 22, 11, 12, 1, 2, 25, 26, 15, 16, 5, 6 ], 
      [ 7, 8, 31, 32, 21, 22, 11, 12, 1, 2, 25, 26, 15, 16, 5, 6, 29, 30, 19, 
          20, 9, 10, 33, 34, 23, 24, 13, 14, 3, 4, 27, 28, 17, 18 ], 
      [ 7, 8, 31, 32, 21, 22, 11, 12, 1, 2, 25, 26, 15, 16, 5, 6, 29, 30, 19, 
          20, 9, 10, 33, 34, 23, 24, 13, 14, 3, 4, 27, 28, 17, 18 ], 
      [ 19, 20, 9, 10, 33, 34, 23, 24, 13, 14, 3, 4, 27, 28, 17, 18, 7, 8, 
          31, 32, 21, 22, 11, 12, 1, 2, 25, 26, 15, 16, 5, 6, 29, 30 ], 
      [ 19, 20, 9, 10, 33, 34, 23, 24, 13, 14, 3, 4, 27, 28, 17, 18, 7, 8, 
          31, 32, 21, 22, 11, 12, 1, 2, 25, 26, 15, 16, 5, 6, 29, 30 ], 
      [ 31, 32, 21, 22, 11, 12, 1, 2, 25, 26, 15, 16, 5, 6, 29, 30, 19, 20, 
          9, 10, 33, 34, 23, 24, 13, 14, 3, 4, 27, 28, 17, 18, 7, 8 ], 
      [ 31, 32, 21, 22, 11, 12, 1, 2, 25, 26, 15, 16, 5, 6, 29, 30, 19, 20, 
          9, 10, 33, 34, 23, 24, 13, 14, 3, 4, 27, 28, 17, 18, 7, 8 ], 
      [ 9, 10, 33, 34, 23, 24, 13, 14, 3, 4, 27, 28, 17, 18, 7, 8, 31, 32, 
          21, 22, 11, 12, 1, 2, 25, 26, 15, 16, 5, 6, 29, 30, 19, 20 ], 
      [ 9, 10, 33, 34, 23, 24, 13, 14, 3, 4, 27, 28, 17, 18, 7, 8, 31, 32, 
          21, 22, 11, 12, 1, 2, 25, 26, 15, 16, 5, 6, 29, 30, 19, 20 ], 
      [ 21, 22, 11, 12, 1, 2, 25, 26, 15, 16, 5, 6, 29, 30, 19, 20, 9, 10, 
          33, 34, 23, 24, 13, 14, 3, 4, 27, 28, 17, 18, 7, 8, 31, 32 ], 
      [ 21, 22, 11, 12, 1, 2, 25, 26, 15, 16, 5, 6, 29, 30, 19, 20, 9, 10, 
          33, 34, 23, 24, 13, 14, 3, 4, 27, 28, 17, 18, 7, 8, 31, 32 ], 
      [ 33, 34, 23, 24, 13, 14, 3, 4, 27, 28, 17, 18, 7, 8, 31, 32, 21, 22, 
          11, 12, 1, 2, 25, 26, 15, 16, 5, 6, 29, 30, 19, 20, 9, 10 ], 
      [ 33, 34, 23, 24, 13, 14, 3, 4, 27, 28, 17, 18, 7, 8, 31, 32, 21, 22, 
          11, 12, 1, 2, 25, 26, 15, 16, 5, 6, 29, 30, 19, 20, 9, 10 ], 
      [ 11, 12, 1, 2, 25, 26, 15, 16, 5, 6, 29, 30, 19, 20, 9, 10, 33, 34, 
          23, 24, 13, 14, 3, 4, 27, 28, 17, 18, 7, 8, 31, 32, 21, 22 ], 
      [ 11, 12, 1, 2, 25, 26, 15, 16, 5, 6, 29, 30, 19, 20, 9, 10, 33, 34, 
          23, 24, 13, 14, 3, 4, 27, 28, 17, 18, 7, 8, 31, 32, 21, 22 ], 
      [ 23, 24, 13, 14, 3, 4, 27, 28, 17, 18, 7, 8, 31, 32, 21, 22, 11, 12, 
          1, 2, 25, 26, 15, 16, 5, 6, 29, 30, 19, 20, 9, 10, 33, 34 ], 
      [ 23, 24, 13, 14, 3, 4, 27, 28, 17, 18, 7, 8, 31, 32, 21, 22, 11, 12, 
          1, 2, 25, 26, 15, 16, 5, 6, 29, 30, 19, 20, 9, 10, 33, 34 ] ],
  ordFix := 2,
  ordf := 16,
  psi := GroupHomomorphismByImages( Group( 
    [ (1,2), ( 3, 4, 5, 6, 7, 8, 9,10,11,12,13,14,15,16,17,18,19) ] ), Group( 
    [ (1,2), ( 3, 4, 5, 6, 7, 8, 9,10,11,12,13,14,15,16,17,18,19) ] ), 
    [ (1,2), ( 3, 4, 5, 6, 7, 8, 9,10,11,12,13,14,15,16,17,18,19) ], 
    [ (1,2), ( 3,15,10, 5,17,12, 7,19,14, 9, 4,16,11, 6,18,13, 8) ] ) ),
# No.13
rec(
  G := Group( [ (1,2), ( 3, 4, 5, 6, 7, 8, 9,10,11,12,13,14,15,16,17,18,19) 
     ] ),
  isConnected := false,
  matrix := 
   [ [ 1, 2, 27, 28, 19, 20, 11, 12, 3, 4, 29, 30, 21, 22, 13, 14, 5, 6, 31, 
          32, 23, 24, 15, 16, 7, 8, 33, 34, 25, 26, 17, 18, 9, 10 ], 
      [ 1, 2, 27, 28, 19, 20, 11, 12, 3, 4, 29, 30, 21, 22, 13, 14, 5, 6, 31, 
          32, 23, 24, 15, 16, 7, 8, 33, 34, 25, 26, 17, 18, 9, 10 ], 
      [ 11, 12, 3, 4, 29, 30, 21, 22, 13, 14, 5, 6, 31, 32, 23, 24, 15, 16, 
          7, 8, 33, 34, 25, 26, 17, 18, 9, 10, 1, 2, 27, 28, 19, 20 ], 
      [ 11, 12, 3, 4, 29, 30, 21, 22, 13, 14, 5, 6, 31, 32, 23, 24, 15, 16, 
          7, 8, 33, 34, 25, 26, 17, 18, 9, 10, 1, 2, 27, 28, 19, 20 ], 
      [ 21, 22, 13, 14, 5, 6, 31, 32, 23, 24, 15, 16, 7, 8, 33, 34, 25, 26, 
          17, 18, 9, 10, 1, 2, 27, 28, 19, 20, 11, 12, 3, 4, 29, 30 ], 
      [ 21, 22, 13, 14, 5, 6, 31, 32, 23, 24, 15, 16, 7, 8, 33, 34, 25, 26, 
          17, 18, 9, 10, 1, 2, 27, 28, 19, 20, 11, 12, 3, 4, 29, 30 ], 
      [ 31, 32, 23, 24, 15, 16, 7, 8, 33, 34, 25, 26, 17, 18, 9, 10, 1, 2, 
          27, 28, 19, 20, 11, 12, 3, 4, 29, 30, 21, 22, 13, 14, 5, 6 ], 
      [ 31, 32, 23, 24, 15, 16, 7, 8, 33, 34, 25, 26, 17, 18, 9, 10, 1, 2, 
          27, 28, 19, 20, 11, 12, 3, 4, 29, 30, 21, 22, 13, 14, 5, 6 ], 
      [ 7, 8, 33, 34, 25, 26, 17, 18, 9, 10, 1, 2, 27, 28, 19, 20, 11, 12, 3, 
          4, 29, 30, 21, 22, 13, 14, 5, 6, 31, 32, 23, 24, 15, 16 ], 
      [ 7, 8, 33, 34, 25, 26, 17, 18, 9, 10, 1, 2, 27, 28, 19, 20, 11, 12, 3, 
          4, 29, 30, 21, 22, 13, 14, 5, 6, 31, 32, 23, 24, 15, 16 ], 
      [ 17, 18, 9, 10, 1, 2, 27, 28, 19, 20, 11, 12, 3, 4, 29, 30, 21, 22, 
          13, 14, 5, 6, 31, 32, 23, 24, 15, 16, 7, 8, 33, 34, 25, 26 ], 
      [ 17, 18, 9, 10, 1, 2, 27, 28, 19, 20, 11, 12, 3, 4, 29, 30, 21, 22, 
          13, 14, 5, 6, 31, 32, 23, 24, 15, 16, 7, 8, 33, 34, 25, 26 ], 
      [ 27, 28, 19, 20, 11, 12, 3, 4, 29, 30, 21, 22, 13, 14, 5, 6, 31, 32, 
          23, 24, 15, 16, 7, 8, 33, 34, 25, 26, 17, 18, 9, 10, 1, 2 ], 
      [ 27, 28, 19, 20, 11, 12, 3, 4, 29, 30, 21, 22, 13, 14, 5, 6, 31, 32, 
          23, 24, 15, 16, 7, 8, 33, 34, 25, 26, 17, 18, 9, 10, 1, 2 ], 
      [ 3, 4, 29, 30, 21, 22, 13, 14, 5, 6, 31, 32, 23, 24, 15, 16, 7, 8, 33, 
          34, 25, 26, 17, 18, 9, 10, 1, 2, 27, 28, 19, 20, 11, 12 ], 
      [ 3, 4, 29, 30, 21, 22, 13, 14, 5, 6, 31, 32, 23, 24, 15, 16, 7, 8, 33, 
          34, 25, 26, 17, 18, 9, 10, 1, 2, 27, 28, 19, 20, 11, 12 ], 
      [ 13, 14, 5, 6, 31, 32, 23, 24, 15, 16, 7, 8, 33, 34, 25, 26, 17, 18, 
          9, 10, 1, 2, 27, 28, 19, 20, 11, 12, 3, 4, 29, 30, 21, 22 ], 
      [ 13, 14, 5, 6, 31, 32, 23, 24, 15, 16, 7, 8, 33, 34, 25, 26, 17, 18, 
          9, 10, 1, 2, 27, 28, 19, 20, 11, 12, 3, 4, 29, 30, 21, 22 ], 
      [ 23, 24, 15, 16, 7, 8, 33, 34, 25, 26, 17, 18, 9, 10, 1, 2, 27, 28, 
          19, 20, 11, 12, 3, 4, 29, 30, 21, 22, 13, 14, 5, 6, 31, 32 ], 
      [ 23, 24, 15, 16, 7, 8, 33, 34, 25, 26, 17, 18, 9, 10, 1, 2, 27, 28, 
          19, 20, 11, 12, 3, 4, 29, 30, 21, 22, 13, 14, 5, 6, 31, 32 ], 
      [ 33, 34, 25, 26, 17, 18, 9, 10, 1, 2, 27, 28, 19, 20, 11, 12, 3, 4, 
          29, 30, 21, 22, 13, 14, 5, 6, 31, 32, 23, 24, 15, 16, 7, 8 ], 
      [ 33, 34, 25, 26, 17, 18, 9, 10, 1, 2, 27, 28, 19, 20, 11, 12, 3, 4, 
          29, 30, 21, 22, 13, 14, 5, 6, 31, 32, 23, 24, 15, 16, 7, 8 ], 
      [ 9, 10, 1, 2, 27, 28, 19, 20, 11, 12, 3, 4, 29, 30, 21, 22, 13, 14, 5, 
          6, 31, 32, 23, 24, 15, 16, 7, 8, 33, 34, 25, 26, 17, 18 ], 
      [ 9, 10, 1, 2, 27, 28, 19, 20, 11, 12, 3, 4, 29, 30, 21, 22, 13, 14, 5, 
          6, 31, 32, 23, 24, 15, 16, 7, 8, 33, 34, 25, 26, 17, 18 ], 
      [ 19, 20, 11, 12, 3, 4, 29, 30, 21, 22, 13, 14, 5, 6, 31, 32, 23, 24, 
          15, 16, 7, 8, 33, 34, 25, 26, 17, 18, 9, 10, 1, 2, 27, 28 ], 
      [ 19, 20, 11, 12, 3, 4, 29, 30, 21, 22, 13, 14, 5, 6, 31, 32, 23, 24, 
          15, 16, 7, 8, 33, 34, 25, 26, 17, 18, 9, 10, 1, 2, 27, 28 ], 
      [ 29, 30, 21, 22, 13, 14, 5, 6, 31, 32, 23, 24, 15, 16, 7, 8, 33, 34, 
          25, 26, 17, 18, 9, 10, 1, 2, 27, 28, 19, 20, 11, 12, 3, 4 ], 
      [ 29, 30, 21, 22, 13, 14, 5, 6, 31, 32, 23, 24, 15, 16, 7, 8, 33, 34, 
          25, 26, 17, 18, 9, 10, 1, 2, 27, 28, 19, 20, 11, 12, 3, 4 ], 
      [ 5, 6, 31, 32, 23, 24, 15, 16, 7, 8, 33, 34, 25, 26, 17, 18, 9, 10, 1, 
          2, 27, 28, 19, 20, 11, 12, 3, 4, 29, 30, 21, 22, 13, 14 ], 
      [ 5, 6, 31, 32, 23, 24, 15, 16, 7, 8, 33, 34, 25, 26, 17, 18, 9, 10, 1, 
          2, 27, 28, 19, 20, 11, 12, 3, 4, 29, 30, 21, 22, 13, 14 ], 
      [ 15, 16, 7, 8, 33, 34, 25, 26, 17, 18, 9, 10, 1, 2, 27, 28, 19, 20, 
          11, 12, 3, 4, 29, 30, 21, 22, 13, 14, 5, 6, 31, 32, 23, 24 ], 
      [ 15, 16, 7, 8, 33, 34, 25, 26, 17, 18, 9, 10, 1, 2, 27, 28, 19, 20, 
          11, 12, 3, 4, 29, 30, 21, 22, 13, 14, 5, 6, 31, 32, 23, 24 ], 
      [ 25, 26, 17, 18, 9, 10, 1, 2, 27, 28, 19, 20, 11, 12, 3, 4, 29, 30, 
          21, 22, 13, 14, 5, 6, 31, 32, 23, 24, 15, 16, 7, 8, 33, 34 ], 
      [ 25, 26, 17, 18, 9, 10, 1, 2, 27, 28, 19, 20, 11, 12, 3, 4, 29, 30, 
          21, 22, 13, 14, 5, 6, 31, 32, 23, 24, 15, 16, 7, 8, 33, 34 ] ],
  ordFix := 2,
  ordf := 4,
  psi := GroupHomomorphismByImages( Group( 
    [ (1,2), ( 3, 4, 5, 6, 7, 8, 9,10,11,12,13,14,15,16,17,18,19) ] ), Group( 
    [ (1,2), ( 3, 4, 5, 6, 7, 8, 9,10,11,12,13,14,15,16,17,18,19) ] ), 
    [ (1,2), ( 3, 4, 5, 6, 7, 8, 9,10,11,12,13,14,15,16,17,18,19) ], 
    [ (1,2), ( 3,16,12, 8, 4,17,13, 9, 5,18,14,10, 6,19,15,11, 7) ] ) ),
# No.14
rec(
  G := Group( [ (1,2), ( 3, 4, 5, 6, 7, 8, 9,10,11,12,13,14,15,16,17,18,19) 
     ] ),
  isConnected := false,
  matrix := 
   [ [ 1, 2, 29, 30, 23, 24, 17, 18, 11, 12, 5, 6, 33, 34, 27, 28, 21, 22, 
          15, 16, 9, 10, 3, 4, 31, 32, 25, 26, 19, 20, 13, 14, 7, 8 ], 
      [ 1, 2, 29, 30, 23, 24, 17, 18, 11, 12, 5, 6, 33, 34, 27, 28, 21, 22, 
          15, 16, 9, 10, 3, 4, 31, 32, 25, 26, 19, 20, 13, 14, 7, 8 ], 
      [ 9, 10, 3, 4, 31, 32, 25, 26, 19, 20, 13, 14, 7, 8, 1, 2, 29, 30, 23, 
          24, 17, 18, 11, 12, 5, 6, 33, 34, 27, 28, 21, 22, 15, 16 ], 
      [ 9, 10, 3, 4, 31, 32, 25, 26, 19, 20, 13, 14, 7, 8, 1, 2, 29, 30, 23, 
          24, 17, 18, 11, 12, 5, 6, 33, 34, 27, 28, 21, 22, 15, 16 ], 
      [ 17, 18, 11, 12, 5, 6, 33, 34, 27, 28, 21, 22, 15, 16, 9, 10, 3, 4, 
          31, 32, 25, 26, 19, 20, 13, 14, 7, 8, 1, 2, 29, 30, 23, 24 ], 
      [ 17, 18, 11, 12, 5, 6, 33, 34, 27, 28, 21, 22, 15, 16, 9, 10, 3, 4, 
          31, 32, 25, 26, 19, 20, 13, 14, 7, 8, 1, 2, 29, 30, 23, 24 ], 
      [ 25, 26, 19, 20, 13, 14, 7, 8, 1, 2, 29, 30, 23, 24, 17, 18, 11, 12, 
          5, 6, 33, 34, 27, 28, 21, 22, 15, 16, 9, 10, 3, 4, 31, 32 ], 
      [ 25, 26, 19, 20, 13, 14, 7, 8, 1, 2, 29, 30, 23, 24, 17, 18, 11, 12, 
          5, 6, 33, 34, 27, 28, 21, 22, 15, 16, 9, 10, 3, 4, 31, 32 ], 
      [ 33, 34, 27, 28, 21, 22, 15, 16, 9, 10, 3, 4, 31, 32, 25, 26, 19, 20, 
          13, 14, 7, 8, 1, 2, 29, 30, 23, 24, 17, 18, 11, 12, 5, 6 ], 
      [ 33, 34, 27, 28, 21, 22, 15, 16, 9, 10, 3, 4, 31, 32, 25, 26, 19, 20, 
          13, 14, 7, 8, 1, 2, 29, 30, 23, 24, 17, 18, 11, 12, 5, 6 ], 
      [ 7, 8, 1, 2, 29, 30, 23, 24, 17, 18, 11, 12, 5, 6, 33, 34, 27, 28, 21, 
          22, 15, 16, 9, 10, 3, 4, 31, 32, 25, 26, 19, 20, 13, 14 ], 
      [ 7, 8, 1, 2, 29, 30, 23, 24, 17, 18, 11, 12, 5, 6, 33, 34, 27, 28, 21, 
          22, 15, 16, 9, 10, 3, 4, 31, 32, 25, 26, 19, 20, 13, 14 ], 
      [ 15, 16, 9, 10, 3, 4, 31, 32, 25, 26, 19, 20, 13, 14, 7, 8, 1, 2, 29, 
          30, 23, 24, 17, 18, 11, 12, 5, 6, 33, 34, 27, 28, 21, 22 ], 
      [ 15, 16, 9, 10, 3, 4, 31, 32, 25, 26, 19, 20, 13, 14, 7, 8, 1, 2, 29, 
          30, 23, 24, 17, 18, 11, 12, 5, 6, 33, 34, 27, 28, 21, 22 ], 
      [ 23, 24, 17, 18, 11, 12, 5, 6, 33, 34, 27, 28, 21, 22, 15, 16, 9, 10, 
          3, 4, 31, 32, 25, 26, 19, 20, 13, 14, 7, 8, 1, 2, 29, 30 ], 
      [ 23, 24, 17, 18, 11, 12, 5, 6, 33, 34, 27, 28, 21, 22, 15, 16, 9, 10, 
          3, 4, 31, 32, 25, 26, 19, 20, 13, 14, 7, 8, 1, 2, 29, 30 ], 
      [ 31, 32, 25, 26, 19, 20, 13, 14, 7, 8, 1, 2, 29, 30, 23, 24, 17, 18, 
          11, 12, 5, 6, 33, 34, 27, 28, 21, 22, 15, 16, 9, 10, 3, 4 ], 
      [ 31, 32, 25, 26, 19, 20, 13, 14, 7, 8, 1, 2, 29, 30, 23, 24, 17, 18, 
          11, 12, 5, 6, 33, 34, 27, 28, 21, 22, 15, 16, 9, 10, 3, 4 ], 
      [ 5, 6, 33, 34, 27, 28, 21, 22, 15, 16, 9, 10, 3, 4, 31, 32, 25, 26, 
          19, 20, 13, 14, 7, 8, 1, 2, 29, 30, 23, 24, 17, 18, 11, 12 ], 
      [ 5, 6, 33, 34, 27, 28, 21, 22, 15, 16, 9, 10, 3, 4, 31, 32, 25, 26, 
          19, 20, 13, 14, 7, 8, 1, 2, 29, 30, 23, 24, 17, 18, 11, 12 ], 
      [ 13, 14, 7, 8, 1, 2, 29, 30, 23, 24, 17, 18, 11, 12, 5, 6, 33, 34, 27, 
          28, 21, 22, 15, 16, 9, 10, 3, 4, 31, 32, 25, 26, 19, 20 ], 
      [ 13, 14, 7, 8, 1, 2, 29, 30, 23, 24, 17, 18, 11, 12, 5, 6, 33, 34, 27, 
          28, 21, 22, 15, 16, 9, 10, 3, 4, 31, 32, 25, 26, 19, 20 ], 
      [ 21, 22, 15, 16, 9, 10, 3, 4, 31, 32, 25, 26, 19, 20, 13, 14, 7, 8, 1, 
          2, 29, 30, 23, 24, 17, 18, 11, 12, 5, 6, 33, 34, 27, 28 ], 
      [ 21, 22, 15, 16, 9, 10, 3, 4, 31, 32, 25, 26, 19, 20, 13, 14, 7, 8, 1, 
          2, 29, 30, 23, 24, 17, 18, 11, 12, 5, 6, 33, 34, 27, 28 ], 
      [ 29, 30, 23, 24, 17, 18, 11, 12, 5, 6, 33, 34, 27, 28, 21, 22, 15, 16, 
          9, 10, 3, 4, 31, 32, 25, 26, 19, 20, 13, 14, 7, 8, 1, 2 ], 
      [ 29, 30, 23, 24, 17, 18, 11, 12, 5, 6, 33, 34, 27, 28, 21, 22, 15, 16, 
          9, 10, 3, 4, 31, 32, 25, 26, 19, 20, 13, 14, 7, 8, 1, 2 ], 
      [ 3, 4, 31, 32, 25, 26, 19, 20, 13, 14, 7, 8, 1, 2, 29, 30, 23, 24, 17, 
          18, 11, 12, 5, 6, 33, 34, 27, 28, 21, 22, 15, 16, 9, 10 ], 
      [ 3, 4, 31, 32, 25, 26, 19, 20, 13, 14, 7, 8, 1, 2, 29, 30, 23, 24, 17, 
          18, 11, 12, 5, 6, 33, 34, 27, 28, 21, 22, 15, 16, 9, 10 ], 
      [ 11, 12, 5, 6, 33, 34, 27, 28, 21, 22, 15, 16, 9, 10, 3, 4, 31, 32, 
          25, 26, 19, 20, 13, 14, 7, 8, 1, 2, 29, 30, 23, 24, 17, 18 ], 
      [ 11, 12, 5, 6, 33, 34, 27, 28, 21, 22, 15, 16, 9, 10, 3, 4, 31, 32, 
          25, 26, 19, 20, 13, 14, 7, 8, 1, 2, 29, 30, 23, 24, 17, 18 ], 
      [ 19, 20, 13, 14, 7, 8, 1, 2, 29, 30, 23, 24, 17, 18, 11, 12, 5, 6, 33, 
          34, 27, 28, 21, 22, 15, 16, 9, 10, 3, 4, 31, 32, 25, 26 ], 
      [ 19, 20, 13, 14, 7, 8, 1, 2, 29, 30, 23, 24, 17, 18, 11, 12, 5, 6, 33, 
          34, 27, 28, 21, 22, 15, 16, 9, 10, 3, 4, 31, 32, 25, 26 ], 
      [ 27, 28, 21, 22, 15, 16, 9, 10, 3, 4, 31, 32, 25, 26, 19, 20, 13, 14, 
          7, 8, 1, 2, 29, 30, 23, 24, 17, 18, 11, 12, 5, 6, 33, 34 ], 
      [ 27, 28, 21, 22, 15, 16, 9, 10, 3, 4, 31, 32, 25, 26, 19, 20, 13, 14, 
          7, 8, 1, 2, 29, 30, 23, 24, 17, 18, 11, 12, 5, 6, 33, 34 ] ],
  ordFix := 2,
  ordf := 16,
  psi := GroupHomomorphismByImages( Group( 
    [ (1,2), ( 3, 4, 5, 6, 7, 8, 9,10,11,12,13,14,15,16,17,18,19) ] ), Group( 
    [ (1,2), ( 3, 4, 5, 6, 7, 8, 9,10,11,12,13,14,15,16,17,18,19) ] ), 
    [ (1,2), ( 3, 4, 5, 6, 7, 8, 9,10,11,12,13,14,15,16,17,18,19) ], 
    [ (1,2), ( 3,17,14,11, 8, 5,19,16,13,10, 7, 4,18,15,12, 9, 6) ] ) ),
# No.15
rec(
  G := Group( [ (1,2), ( 3, 4, 5, 6, 7, 8, 9,10,11,12,13,14,15,16,17,18,19) 
     ] ),
  isConnected := false,
  matrix := 
   [ [ 1, 2, 31, 32, 27, 28, 23, 24, 19, 20, 15, 16, 11, 12, 7, 8, 3, 4, 33, 
          34, 29, 30, 25, 26, 21, 22, 17, 18, 13, 14, 9, 10, 5, 6 ], 
      [ 1, 2, 31, 32, 27, 28, 23, 24, 19, 20, 15, 16, 11, 12, 7, 8, 3, 4, 33, 
          34, 29, 30, 25, 26, 21, 22, 17, 18, 13, 14, 9, 10, 5, 6 ], 
      [ 7, 8, 3, 4, 33, 34, 29, 30, 25, 26, 21, 22, 17, 18, 13, 14, 9, 10, 5, 
          6, 1, 2, 31, 32, 27, 28, 23, 24, 19, 20, 15, 16, 11, 12 ], 
      [ 7, 8, 3, 4, 33, 34, 29, 30, 25, 26, 21, 22, 17, 18, 13, 14, 9, 10, 5, 
          6, 1, 2, 31, 32, 27, 28, 23, 24, 19, 20, 15, 16, 11, 12 ], 
      [ 13, 14, 9, 10, 5, 6, 1, 2, 31, 32, 27, 28, 23, 24, 19, 20, 15, 16, 
          11, 12, 7, 8, 3, 4, 33, 34, 29, 30, 25, 26, 21, 22, 17, 18 ], 
      [ 13, 14, 9, 10, 5, 6, 1, 2, 31, 32, 27, 28, 23, 24, 19, 20, 15, 16, 
          11, 12, 7, 8, 3, 4, 33, 34, 29, 30, 25, 26, 21, 22, 17, 18 ], 
      [ 19, 20, 15, 16, 11, 12, 7, 8, 3, 4, 33, 34, 29, 30, 25, 26, 21, 22, 
          17, 18, 13, 14, 9, 10, 5, 6, 1, 2, 31, 32, 27, 28, 23, 24 ], 
      [ 19, 20, 15, 16, 11, 12, 7, 8, 3, 4, 33, 34, 29, 30, 25, 26, 21, 22, 
          17, 18, 13, 14, 9, 10, 5, 6, 1, 2, 31, 32, 27, 28, 23, 24 ], 
      [ 25, 26, 21, 22, 17, 18, 13, 14, 9, 10, 5, 6, 1, 2, 31, 32, 27, 28, 
          23, 24, 19, 20, 15, 16, 11, 12, 7, 8, 3, 4, 33, 34, 29, 30 ], 
      [ 25, 26, 21, 22, 17, 18, 13, 14, 9, 10, 5, 6, 1, 2, 31, 32, 27, 28, 
          23, 24, 19, 20, 15, 16, 11, 12, 7, 8, 3, 4, 33, 34, 29, 30 ], 
      [ 31, 32, 27, 28, 23, 24, 19, 20, 15, 16, 11, 12, 7, 8, 3, 4, 33, 34, 
          29, 30, 25, 26, 21, 22, 17, 18, 13, 14, 9, 10, 5, 6, 1, 2 ], 
      [ 31, 32, 27, 28, 23, 24, 19, 20, 15, 16, 11, 12, 7, 8, 3, 4, 33, 34, 
          29, 30, 25, 26, 21, 22, 17, 18, 13, 14, 9, 10, 5, 6, 1, 2 ], 
      [ 3, 4, 33, 34, 29, 30, 25, 26, 21, 22, 17, 18, 13, 14, 9, 10, 5, 6, 1, 
          2, 31, 32, 27, 28, 23, 24, 19, 20, 15, 16, 11, 12, 7, 8 ], 
      [ 3, 4, 33, 34, 29, 30, 25, 26, 21, 22, 17, 18, 13, 14, 9, 10, 5, 6, 1, 
          2, 31, 32, 27, 28, 23, 24, 19, 20, 15, 16, 11, 12, 7, 8 ], 
      [ 9, 10, 5, 6, 1, 2, 31, 32, 27, 28, 23, 24, 19, 20, 15, 16, 11, 12, 7, 
          8, 3, 4, 33, 34, 29, 30, 25, 26, 21, 22, 17, 18, 13, 14 ], 
      [ 9, 10, 5, 6, 1, 2, 31, 32, 27, 28, 23, 24, 19, 20, 15, 16, 11, 12, 7, 
          8, 3, 4, 33, 34, 29, 30, 25, 26, 21, 22, 17, 18, 13, 14 ], 
      [ 15, 16, 11, 12, 7, 8, 3, 4, 33, 34, 29, 30, 25, 26, 21, 22, 17, 18, 
          13, 14, 9, 10, 5, 6, 1, 2, 31, 32, 27, 28, 23, 24, 19, 20 ], 
      [ 15, 16, 11, 12, 7, 8, 3, 4, 33, 34, 29, 30, 25, 26, 21, 22, 17, 18, 
          13, 14, 9, 10, 5, 6, 1, 2, 31, 32, 27, 28, 23, 24, 19, 20 ], 
      [ 21, 22, 17, 18, 13, 14, 9, 10, 5, 6, 1, 2, 31, 32, 27, 28, 23, 24, 
          19, 20, 15, 16, 11, 12, 7, 8, 3, 4, 33, 34, 29, 30, 25, 26 ], 
      [ 21, 22, 17, 18, 13, 14, 9, 10, 5, 6, 1, 2, 31, 32, 27, 28, 23, 24, 
          19, 20, 15, 16, 11, 12, 7, 8, 3, 4, 33, 34, 29, 30, 25, 26 ], 
      [ 27, 28, 23, 24, 19, 20, 15, 16, 11, 12, 7, 8, 3, 4, 33, 34, 29, 30, 
          25, 26, 21, 22, 17, 18, 13, 14, 9, 10, 5, 6, 1, 2, 31, 32 ], 
      [ 27, 28, 23, 24, 19, 20, 15, 16, 11, 12, 7, 8, 3, 4, 33, 34, 29, 30, 
          25, 26, 21, 22, 17, 18, 13, 14, 9, 10, 5, 6, 1, 2, 31, 32 ], 
      [ 33, 34, 29, 30, 25, 26, 21, 22, 17, 18, 13, 14, 9, 10, 5, 6, 1, 2, 
          31, 32, 27, 28, 23, 24, 19, 20, 15, 16, 11, 12, 7, 8, 3, 4 ], 
      [ 33, 34, 29, 30, 25, 26, 21, 22, 17, 18, 13, 14, 9, 10, 5, 6, 1, 2, 
          31, 32, 27, 28, 23, 24, 19, 20, 15, 16, 11, 12, 7, 8, 3, 4 ], 
      [ 5, 6, 1, 2, 31, 32, 27, 28, 23, 24, 19, 20, 15, 16, 11, 12, 7, 8, 3, 
          4, 33, 34, 29, 30, 25, 26, 21, 22, 17, 18, 13, 14, 9, 10 ], 
      [ 5, 6, 1, 2, 31, 32, 27, 28, 23, 24, 19, 20, 15, 16, 11, 12, 7, 8, 3, 
          4, 33, 34, 29, 30, 25, 26, 21, 22, 17, 18, 13, 14, 9, 10 ], 
      [ 11, 12, 7, 8, 3, 4, 33, 34, 29, 30, 25, 26, 21, 22, 17, 18, 13, 14, 
          9, 10, 5, 6, 1, 2, 31, 32, 27, 28, 23, 24, 19, 20, 15, 16 ], 
      [ 11, 12, 7, 8, 3, 4, 33, 34, 29, 30, 25, 26, 21, 22, 17, 18, 13, 14, 
          9, 10, 5, 6, 1, 2, 31, 32, 27, 28, 23, 24, 19, 20, 15, 16 ], 
      [ 17, 18, 13, 14, 9, 10, 5, 6, 1, 2, 31, 32, 27, 28, 23, 24, 19, 20, 
          15, 16, 11, 12, 7, 8, 3, 4, 33, 34, 29, 30, 25, 26, 21, 22 ], 
      [ 17, 18, 13, 14, 9, 10, 5, 6, 1, 2, 31, 32, 27, 28, 23, 24, 19, 20, 
          15, 16, 11, 12, 7, 8, 3, 4, 33, 34, 29, 30, 25, 26, 21, 22 ], 
      [ 23, 24, 19, 20, 15, 16, 11, 12, 7, 8, 3, 4, 33, 34, 29, 30, 25, 26, 
          21, 22, 17, 18, 13, 14, 9, 10, 5, 6, 1, 2, 31, 32, 27, 28 ], 
      [ 23, 24, 19, 20, 15, 16, 11, 12, 7, 8, 3, 4, 33, 34, 29, 30, 25, 26, 
          21, 22, 17, 18, 13, 14, 9, 10, 5, 6, 1, 2, 31, 32, 27, 28 ], 
      [ 29, 30, 25, 26, 21, 22, 17, 18, 13, 14, 9, 10, 5, 6, 1, 2, 31, 32, 
          27, 28, 23, 24, 19, 20, 15, 16, 11, 12, 7, 8, 3, 4, 33, 34 ], 
      [ 29, 30, 25, 26, 21, 22, 17, 18, 13, 14, 9, 10, 5, 6, 1, 2, 31, 32, 
          27, 28, 23, 24, 19, 20, 15, 16, 11, 12, 7, 8, 3, 4, 33, 34 ] ],
  ordFix := 2,
  ordf := 8,
  psi := GroupHomomorphismByImages( Group( 
    [ (1,2), ( 3, 4, 5, 6, 7, 8, 9,10,11,12,13,14,15,16,17,18,19) ] ), Group( 
    [ (1,2), ( 3, 4, 5, 6, 7, 8, 9,10,11,12,13,14,15,16,17,18,19) ] ), 
    [ (1,2), ( 3, 4, 5, 6, 7, 8, 9,10,11,12,13,14,15,16,17,18,19) ], 
    [ (1,2), ( 3,18,16,14,12,10, 8, 6, 4,19,17,15,13,11, 9, 7, 5) ] ) ),
# No.16
rec(
  G := Group( [ (1,2), ( 3, 4, 5, 6, 7, 8, 9,10,11,12,13,14,15,16,17,18,19) 
     ] ),
  isConnected := false,
  matrix := 
   [ [ 1, 2, 33, 34, 31, 32, 29, 30, 27, 28, 25, 26, 23, 24, 21, 22, 19, 20, 
          17, 18, 15, 16, 13, 14, 11, 12, 9, 10, 7, 8, 5, 6, 3, 4 ], 
      [ 1, 2, 33, 34, 31, 32, 29, 30, 27, 28, 25, 26, 23, 24, 21, 22, 19, 20, 
          17, 18, 15, 16, 13, 14, 11, 12, 9, 10, 7, 8, 5, 6, 3, 4 ], 
      [ 5, 6, 3, 4, 1, 2, 33, 34, 31, 32, 29, 30, 27, 28, 25, 26, 23, 24, 21, 
          22, 19, 20, 17, 18, 15, 16, 13, 14, 11, 12, 9, 10, 7, 8 ], 
      [ 5, 6, 3, 4, 1, 2, 33, 34, 31, 32, 29, 30, 27, 28, 25, 26, 23, 24, 21, 
          22, 19, 20, 17, 18, 15, 16, 13, 14, 11, 12, 9, 10, 7, 8 ], 
      [ 9, 10, 7, 8, 5, 6, 3, 4, 1, 2, 33, 34, 31, 32, 29, 30, 27, 28, 25, 
          26, 23, 24, 21, 22, 19, 20, 17, 18, 15, 16, 13, 14, 11, 12 ], 
      [ 9, 10, 7, 8, 5, 6, 3, 4, 1, 2, 33, 34, 31, 32, 29, 30, 27, 28, 25, 
          26, 23, 24, 21, 22, 19, 20, 17, 18, 15, 16, 13, 14, 11, 12 ], 
      [ 13, 14, 11, 12, 9, 10, 7, 8, 5, 6, 3, 4, 1, 2, 33, 34, 31, 32, 29, 
          30, 27, 28, 25, 26, 23, 24, 21, 22, 19, 20, 17, 18, 15, 16 ], 
      [ 13, 14, 11, 12, 9, 10, 7, 8, 5, 6, 3, 4, 1, 2, 33, 34, 31, 32, 29, 
          30, 27, 28, 25, 26, 23, 24, 21, 22, 19, 20, 17, 18, 15, 16 ], 
      [ 17, 18, 15, 16, 13, 14, 11, 12, 9, 10, 7, 8, 5, 6, 3, 4, 1, 2, 33, 
          34, 31, 32, 29, 30, 27, 28, 25, 26, 23, 24, 21, 22, 19, 20 ], 
      [ 17, 18, 15, 16, 13, 14, 11, 12, 9, 10, 7, 8, 5, 6, 3, 4, 1, 2, 33, 
          34, 31, 32, 29, 30, 27, 28, 25, 26, 23, 24, 21, 22, 19, 20 ], 
      [ 21, 22, 19, 20, 17, 18, 15, 16, 13, 14, 11, 12, 9, 10, 7, 8, 5, 6, 3, 
          4, 1, 2, 33, 34, 31, 32, 29, 30, 27, 28, 25, 26, 23, 24 ], 
      [ 21, 22, 19, 20, 17, 18, 15, 16, 13, 14, 11, 12, 9, 10, 7, 8, 5, 6, 3, 
          4, 1, 2, 33, 34, 31, 32, 29, 30, 27, 28, 25, 26, 23, 24 ], 
      [ 25, 26, 23, 24, 21, 22, 19, 20, 17, 18, 15, 16, 13, 14, 11, 12, 9, 
          10, 7, 8, 5, 6, 3, 4, 1, 2, 33, 34, 31, 32, 29, 30, 27, 28 ], 
      [ 25, 26, 23, 24, 21, 22, 19, 20, 17, 18, 15, 16, 13, 14, 11, 12, 9, 
          10, 7, 8, 5, 6, 3, 4, 1, 2, 33, 34, 31, 32, 29, 30, 27, 28 ], 
      [ 29, 30, 27, 28, 25, 26, 23, 24, 21, 22, 19, 20, 17, 18, 15, 16, 13, 
          14, 11, 12, 9, 10, 7, 8, 5, 6, 3, 4, 1, 2, 33, 34, 31, 32 ], 
      [ 29, 30, 27, 28, 25, 26, 23, 24, 21, 22, 19, 20, 17, 18, 15, 16, 13, 
          14, 11, 12, 9, 10, 7, 8, 5, 6, 3, 4, 1, 2, 33, 34, 31, 32 ], 
      [ 33, 34, 31, 32, 29, 30, 27, 28, 25, 26, 23, 24, 21, 22, 19, 20, 17, 
          18, 15, 16, 13, 14, 11, 12, 9, 10, 7, 8, 5, 6, 3, 4, 1, 2 ], 
      [ 33, 34, 31, 32, 29, 30, 27, 28, 25, 26, 23, 24, 21, 22, 19, 20, 17, 
          18, 15, 16, 13, 14, 11, 12, 9, 10, 7, 8, 5, 6, 3, 4, 1, 2 ], 
      [ 3, 4, 1, 2, 33, 34, 31, 32, 29, 30, 27, 28, 25, 26, 23, 24, 21, 22, 
          19, 20, 17, 18, 15, 16, 13, 14, 11, 12, 9, 10, 7, 8, 5, 6 ], 
      [ 3, 4, 1, 2, 33, 34, 31, 32, 29, 30, 27, 28, 25, 26, 23, 24, 21, 22, 
          19, 20, 17, 18, 15, 16, 13, 14, 11, 12, 9, 10, 7, 8, 5, 6 ], 
      [ 7, 8, 5, 6, 3, 4, 1, 2, 33, 34, 31, 32, 29, 30, 27, 28, 25, 26, 23, 
          24, 21, 22, 19, 20, 17, 18, 15, 16, 13, 14, 11, 12, 9, 10 ], 
      [ 7, 8, 5, 6, 3, 4, 1, 2, 33, 34, 31, 32, 29, 30, 27, 28, 25, 26, 23, 
          24, 21, 22, 19, 20, 17, 18, 15, 16, 13, 14, 11, 12, 9, 10 ], 
      [ 11, 12, 9, 10, 7, 8, 5, 6, 3, 4, 1, 2, 33, 34, 31, 32, 29, 30, 27, 
          28, 25, 26, 23, 24, 21, 22, 19, 20, 17, 18, 15, 16, 13, 14 ], 
      [ 11, 12, 9, 10, 7, 8, 5, 6, 3, 4, 1, 2, 33, 34, 31, 32, 29, 30, 27, 
          28, 25, 26, 23, 24, 21, 22, 19, 20, 17, 18, 15, 16, 13, 14 ], 
      [ 15, 16, 13, 14, 11, 12, 9, 10, 7, 8, 5, 6, 3, 4, 1, 2, 33, 34, 31, 
          32, 29, 30, 27, 28, 25, 26, 23, 24, 21, 22, 19, 20, 17, 18 ], 
      [ 15, 16, 13, 14, 11, 12, 9, 10, 7, 8, 5, 6, 3, 4, 1, 2, 33, 34, 31, 
          32, 29, 30, 27, 28, 25, 26, 23, 24, 21, 22, 19, 20, 17, 18 ], 
      [ 19, 20, 17, 18, 15, 16, 13, 14, 11, 12, 9, 10, 7, 8, 5, 6, 3, 4, 1, 
          2, 33, 34, 31, 32, 29, 30, 27, 28, 25, 26, 23, 24, 21, 22 ], 
      [ 19, 20, 17, 18, 15, 16, 13, 14, 11, 12, 9, 10, 7, 8, 5, 6, 3, 4, 1, 
          2, 33, 34, 31, 32, 29, 30, 27, 28, 25, 26, 23, 24, 21, 22 ], 
      [ 23, 24, 21, 22, 19, 20, 17, 18, 15, 16, 13, 14, 11, 12, 9, 10, 7, 8, 
          5, 6, 3, 4, 1, 2, 33, 34, 31, 32, 29, 30, 27, 28, 25, 26 ], 
      [ 23, 24, 21, 22, 19, 20, 17, 18, 15, 16, 13, 14, 11, 12, 9, 10, 7, 8, 
          5, 6, 3, 4, 1, 2, 33, 34, 31, 32, 29, 30, 27, 28, 25, 26 ], 
      [ 27, 28, 25, 26, 23, 24, 21, 22, 19, 20, 17, 18, 15, 16, 13, 14, 11, 
          12, 9, 10, 7, 8, 5, 6, 3, 4, 1, 2, 33, 34, 31, 32, 29, 30 ], 
      [ 27, 28, 25, 26, 23, 24, 21, 22, 19, 20, 17, 18, 15, 16, 13, 14, 11, 
          12, 9, 10, 7, 8, 5, 6, 3, 4, 1, 2, 33, 34, 31, 32, 29, 30 ], 
      [ 31, 32, 29, 30, 27, 28, 25, 26, 23, 24, 21, 22, 19, 20, 17, 18, 15, 
          16, 13, 14, 11, 12, 9, 10, 7, 8, 5, 6, 3, 4, 1, 2, 33, 34 ], 
      [ 31, 32, 29, 30, 27, 28, 25, 26, 23, 24, 21, 22, 19, 20, 17, 18, 15, 
          16, 13, 14, 11, 12, 9, 10, 7, 8, 5, 6, 3, 4, 1, 2, 33, 34 ] ],
  ordFix := 2,
  ordf := 2,
  psi := GroupHomomorphismByImages( Group( 
    [ (1,2), ( 3, 4, 5, 6, 7, 8, 9,10,11,12,13,14,15,16,17,18,19) ] ), Group( 
    [ (1,2), ( 3, 4, 5, 6, 7, 8, 9,10,11,12,13,14,15,16,17,18,19) ] ), 
    [ (1,2), ( 3, 4, 5, 6, 7, 8, 9,10,11,12,13,14,15,16,17,18,19) ], 
    [ (1,2), ( 3,19,18,17,16,15,14,13,12,11,10, 9, 8, 7, 6, 5, 4) ] ) ),
# No.17
rec(
  G := Group( [ ( 2,17)( 3,16)( 4,15)( 5,14)( 6,13)( 7,12)( 8,11)( 9,10), 
      ( 1, 2, 3, 4, 5, 6, 7, 8, 9,10,11,12,13,14,15,16,17) ] ),
  isConnected := false,
  matrix := 
   [ [ 1, 34, 3, 2, 5, 4, 7, 6, 9, 8, 11, 10, 13, 12, 15, 14, 17, 16, 19, 18, 
          21, 20, 23, 22, 25, 24, 27, 26, 29, 28, 31, 30, 33, 32 ], 
      [ 3, 2, 5, 4, 7, 6, 9, 8, 11, 10, 13, 12, 15, 14, 17, 16, 19, 18, 21, 
          20, 23, 22, 25, 24, 27, 26, 29, 28, 31, 30, 33, 32, 1, 34 ], 
      [ 1, 34, 3, 2, 5, 4, 7, 6, 9, 8, 11, 10, 13, 12, 15, 14, 17, 16, 19, 
          18, 21, 20, 23, 22, 25, 24, 27, 26, 29, 28, 31, 30, 33, 32 ], 
      [ 3, 2, 5, 4, 7, 6, 9, 8, 11, 10, 13, 12, 15, 14, 17, 16, 19, 18, 21, 
          20, 23, 22, 25, 24, 27, 26, 29, 28, 31, 30, 33, 32, 1, 34 ], 
      [ 1, 34, 3, 2, 5, 4, 7, 6, 9, 8, 11, 10, 13, 12, 15, 14, 17, 16, 19, 
          18, 21, 20, 23, 22, 25, 24, 27, 26, 29, 28, 31, 30, 33, 32 ], 
      [ 3, 2, 5, 4, 7, 6, 9, 8, 11, 10, 13, 12, 15, 14, 17, 16, 19, 18, 21, 
          20, 23, 22, 25, 24, 27, 26, 29, 28, 31, 30, 33, 32, 1, 34 ], 
      [ 1, 34, 3, 2, 5, 4, 7, 6, 9, 8, 11, 10, 13, 12, 15, 14, 17, 16, 19, 
          18, 21, 20, 23, 22, 25, 24, 27, 26, 29, 28, 31, 30, 33, 32 ], 
      [ 3, 2, 5, 4, 7, 6, 9, 8, 11, 10, 13, 12, 15, 14, 17, 16, 19, 18, 21, 
          20, 23, 22, 25, 24, 27, 26, 29, 28, 31, 30, 33, 32, 1, 34 ], 
      [ 1, 34, 3, 2, 5, 4, 7, 6, 9, 8, 11, 10, 13, 12, 15, 14, 17, 16, 19, 
          18, 21, 20, 23, 22, 25, 24, 27, 26, 29, 28, 31, 30, 33, 32 ], 
      [ 3, 2, 5, 4, 7, 6, 9, 8, 11, 10, 13, 12, 15, 14, 17, 16, 19, 18, 21, 
          20, 23, 22, 25, 24, 27, 26, 29, 28, 31, 30, 33, 32, 1, 34 ], 
      [ 1, 34, 3, 2, 5, 4, 7, 6, 9, 8, 11, 10, 13, 12, 15, 14, 17, 16, 19, 
          18, 21, 20, 23, 22, 25, 24, 27, 26, 29, 28, 31, 30, 33, 32 ], 
      [ 3, 2, 5, 4, 7, 6, 9, 8, 11, 10, 13, 12, 15, 14, 17, 16, 19, 18, 21, 
          20, 23, 22, 25, 24, 27, 26, 29, 28, 31, 30, 33, 32, 1, 34 ], 
      [ 1, 34, 3, 2, 5, 4, 7, 6, 9, 8, 11, 10, 13, 12, 15, 14, 17, 16, 19, 
          18, 21, 20, 23, 22, 25, 24, 27, 26, 29, 28, 31, 30, 33, 32 ], 
      [ 3, 2, 5, 4, 7, 6, 9, 8, 11, 10, 13, 12, 15, 14, 17, 16, 19, 18, 21, 
          20, 23, 22, 25, 24, 27, 26, 29, 28, 31, 30, 33, 32, 1, 34 ], 
      [ 1, 34, 3, 2, 5, 4, 7, 6, 9, 8, 11, 10, 13, 12, 15, 14, 17, 16, 19, 
          18, 21, 20, 23, 22, 25, 24, 27, 26, 29, 28, 31, 30, 33, 32 ], 
      [ 3, 2, 5, 4, 7, 6, 9, 8, 11, 10, 13, 12, 15, 14, 17, 16, 19, 18, 21, 
          20, 23, 22, 25, 24, 27, 26, 29, 28, 31, 30, 33, 32, 1, 34 ], 
      [ 1, 34, 3, 2, 5, 4, 7, 6, 9, 8, 11, 10, 13, 12, 15, 14, 17, 16, 19, 
          18, 21, 20, 23, 22, 25, 24, 27, 26, 29, 28, 31, 30, 33, 32 ], 
      [ 3, 2, 5, 4, 7, 6, 9, 8, 11, 10, 13, 12, 15, 14, 17, 16, 19, 18, 21, 
          20, 23, 22, 25, 24, 27, 26, 29, 28, 31, 30, 33, 32, 1, 34 ], 
      [ 1, 34, 3, 2, 5, 4, 7, 6, 9, 8, 11, 10, 13, 12, 15, 14, 17, 16, 19, 
          18, 21, 20, 23, 22, 25, 24, 27, 26, 29, 28, 31, 30, 33, 32 ], 
      [ 3, 2, 5, 4, 7, 6, 9, 8, 11, 10, 13, 12, 15, 14, 17, 16, 19, 18, 21, 
          20, 23, 22, 25, 24, 27, 26, 29, 28, 31, 30, 33, 32, 1, 34 ], 
      [ 1, 34, 3, 2, 5, 4, 7, 6, 9, 8, 11, 10, 13, 12, 15, 14, 17, 16, 19, 
          18, 21, 20, 23, 22, 25, 24, 27, 26, 29, 28, 31, 30, 33, 32 ], 
      [ 3, 2, 5, 4, 7, 6, 9, 8, 11, 10, 13, 12, 15, 14, 17, 16, 19, 18, 21, 
          20, 23, 22, 25, 24, 27, 26, 29, 28, 31, 30, 33, 32, 1, 34 ], 
      [ 1, 34, 3, 2, 5, 4, 7, 6, 9, 8, 11, 10, 13, 12, 15, 14, 17, 16, 19, 
          18, 21, 20, 23, 22, 25, 24, 27, 26, 29, 28, 31, 30, 33, 32 ], 
      [ 3, 2, 5, 4, 7, 6, 9, 8, 11, 10, 13, 12, 15, 14, 17, 16, 19, 18, 21, 
          20, 23, 22, 25, 24, 27, 26, 29, 28, 31, 30, 33, 32, 1, 34 ], 
      [ 1, 34, 3, 2, 5, 4, 7, 6, 9, 8, 11, 10, 13, 12, 15, 14, 17, 16, 19, 
          18, 21, 20, 23, 22, 25, 24, 27, 26, 29, 28, 31, 30, 33, 32 ], 
      [ 3, 2, 5, 4, 7, 6, 9, 8, 11, 10, 13, 12, 15, 14, 17, 16, 19, 18, 21, 
          20, 23, 22, 25, 24, 27, 26, 29, 28, 31, 30, 33, 32, 1, 34 ], 
      [ 1, 34, 3, 2, 5, 4, 7, 6, 9, 8, 11, 10, 13, 12, 15, 14, 17, 16, 19, 
          18, 21, 20, 23, 22, 25, 24, 27, 26, 29, 28, 31, 30, 33, 32 ], 
      [ 3, 2, 5, 4, 7, 6, 9, 8, 11, 10, 13, 12, 15, 14, 17, 16, 19, 18, 21, 
          20, 23, 22, 25, 24, 27, 26, 29, 28, 31, 30, 33, 32, 1, 34 ], 
      [ 1, 34, 3, 2, 5, 4, 7, 6, 9, 8, 11, 10, 13, 12, 15, 14, 17, 16, 19, 
          18, 21, 20, 23, 22, 25, 24, 27, 26, 29, 28, 31, 30, 33, 32 ], 
      [ 3, 2, 5, 4, 7, 6, 9, 8, 11, 10, 13, 12, 15, 14, 17, 16, 19, 18, 21, 
          20, 23, 22, 25, 24, 27, 26, 29, 28, 31, 30, 33, 32, 1, 34 ], 
      [ 1, 34, 3, 2, 5, 4, 7, 6, 9, 8, 11, 10, 13, 12, 15, 14, 17, 16, 19, 
          18, 21, 20, 23, 22, 25, 24, 27, 26, 29, 28, 31, 30, 33, 32 ], 
      [ 3, 2, 5, 4, 7, 6, 9, 8, 11, 10, 13, 12, 15, 14, 17, 16, 19, 18, 21, 
          20, 23, 22, 25, 24, 27, 26, 29, 28, 31, 30, 33, 32, 1, 34 ], 
      [ 1, 34, 3, 2, 5, 4, 7, 6, 9, 8, 11, 10, 13, 12, 15, 14, 17, 16, 19, 
          18, 21, 20, 23, 22, 25, 24, 27, 26, 29, 28, 31, 30, 33, 32 ], 
      [ 3, 2, 5, 4, 7, 6, 9, 8, 11, 10, 13, 12, 15, 14, 17, 16, 19, 18, 21, 
          20, 23, 22, 25, 24, 27, 26, 29, 28, 31, 30, 33, 32, 1, 34 ] ],
  ordFix := 17,
  ordf := 17,
  psi := GroupGeneralMappingByImages( Group( 
    [ ( 2,17)( 3,16)( 4,15)( 5,14)( 6,13)( 7,12)( 8,11)( 9,10), 
      ( 1, 2, 3, 4, 5, 6, 7, 8, 9,10,11,12,13,14,15,16,17) ] ), Group( 
    [ ( 2,17)( 3,16)( 4,15)( 5,14)( 6,13)( 7,12)( 8,11)( 9,10), 
      ( 1, 2, 3, 4, 5, 6, 7, 8, 9,10,11,12,13,14,15,16,17) ] ), 
    [ ( 2,17)( 3,16)( 4,15)( 5,14)( 6,13)( 7,12)( 8,11)( 9,10), 
      ( 1, 2, 3, 4, 5, 6, 7, 8, 9,10,11,12,13,14,15,16,17) ], 
    [ ( 1,17)( 2,16)( 3,15)( 4,14)( 5,13)( 6,12)( 7,11)( 8,10), 
      ( 1, 2, 3, 4, 5, 6, 7, 8, 9,10,11,12,13,14,15,16,17) ] ) ),
]; 
### end of file ###