# 
# computed by Jin Kosaka and Hirotake Kurihara 
# using gap 4.12.2 
# 
GAQ_21 :=
[
# No.1
rec(
  G := Group( [ (1,2,3), ( 4, 5, 6, 7, 8, 9,10) ] ),
  isConnected := false,
  matrix := 
   [ [ 1, 2, 3, 4, 5, 6, 7, 8, 9, 10, 11, 12, 13, 14, 15, 16, 17, 18, 19, 20, 
          21 ], 
      [ 1, 2, 3, 4, 5, 6, 7, 8, 9, 10, 11, 12, 13, 14, 15, 16, 17, 18, 19, 
          20, 21 ], 
      [ 1, 2, 3, 4, 5, 6, 7, 8, 9, 10, 11, 12, 13, 14, 15, 16, 17, 18, 19, 
          20, 21 ], 
      [ 1, 2, 3, 4, 5, 6, 7, 8, 9, 10, 11, 12, 13, 14, 15, 16, 17, 18, 19, 
          20, 21 ], 
      [ 1, 2, 3, 4, 5, 6, 7, 8, 9, 10, 11, 12, 13, 14, 15, 16, 17, 18, 19, 
          20, 21 ], 
      [ 1, 2, 3, 4, 5, 6, 7, 8, 9, 10, 11, 12, 13, 14, 15, 16, 17, 18, 19, 
          20, 21 ], 
      [ 1, 2, 3, 4, 5, 6, 7, 8, 9, 10, 11, 12, 13, 14, 15, 16, 17, 18, 19, 
          20, 21 ], 
      [ 1, 2, 3, 4, 5, 6, 7, 8, 9, 10, 11, 12, 13, 14, 15, 16, 17, 18, 19, 
          20, 21 ], 
      [ 1, 2, 3, 4, 5, 6, 7, 8, 9, 10, 11, 12, 13, 14, 15, 16, 17, 18, 19, 
          20, 21 ], 
      [ 1, 2, 3, 4, 5, 6, 7, 8, 9, 10, 11, 12, 13, 14, 15, 16, 17, 18, 19, 
          20, 21 ], 
      [ 1, 2, 3, 4, 5, 6, 7, 8, 9, 10, 11, 12, 13, 14, 15, 16, 17, 18, 19, 
          20, 21 ], 
      [ 1, 2, 3, 4, 5, 6, 7, 8, 9, 10, 11, 12, 13, 14, 15, 16, 17, 18, 19, 
          20, 21 ], 
      [ 1, 2, 3, 4, 5, 6, 7, 8, 9, 10, 11, 12, 13, 14, 15, 16, 17, 18, 19, 
          20, 21 ], 
      [ 1, 2, 3, 4, 5, 6, 7, 8, 9, 10, 11, 12, 13, 14, 15, 16, 17, 18, 19, 
          20, 21 ], 
      [ 1, 2, 3, 4, 5, 6, 7, 8, 9, 10, 11, 12, 13, 14, 15, 16, 17, 18, 19, 
          20, 21 ], 
      [ 1, 2, 3, 4, 5, 6, 7, 8, 9, 10, 11, 12, 13, 14, 15, 16, 17, 18, 19, 
          20, 21 ], 
      [ 1, 2, 3, 4, 5, 6, 7, 8, 9, 10, 11, 12, 13, 14, 15, 16, 17, 18, 19, 
          20, 21 ], 
      [ 1, 2, 3, 4, 5, 6, 7, 8, 9, 10, 11, 12, 13, 14, 15, 16, 17, 18, 19, 
          20, 21 ], 
      [ 1, 2, 3, 4, 5, 6, 7, 8, 9, 10, 11, 12, 13, 14, 15, 16, 17, 18, 19, 
          20, 21 ], 
      [ 1, 2, 3, 4, 5, 6, 7, 8, 9, 10, 11, 12, 13, 14, 15, 16, 17, 18, 19, 
          20, 21 ], 
      [ 1, 2, 3, 4, 5, 6, 7, 8, 9, 10, 11, 12, 13, 14, 15, 16, 17, 18, 19, 
          20, 21 ] ],
  ordFix := 21,
  ordf := 1,
  psi := GroupHomomorphismByImages( Group( [ (1,2,3), ( 4, 5, 6, 7, 8, 9,10) 
     ] ), Group( [ (1,2,3), ( 4, 5, 6, 7, 8, 9,10) ] ), 
    [ (1,2,3), ( 4, 5, 6, 7, 8, 9,10) ], [ (1,2,3), ( 4, 5, 6, 7, 8, 9,10) 
     ] ) ),
# No.2
rec(
  G := Group( [ (1,2,3), ( 4, 5, 6, 7, 8, 9,10) ] ),
  isConnected := false,
  matrix := 
   [ [ 1, 4, 3, 2, 7, 6, 5, 10, 9, 8, 13, 12, 11, 16, 15, 14, 19, 18, 17, 21, 
          20 ], 
      [ 4, 2, 7, 1, 5, 10, 3, 8, 13, 6, 11, 16, 9, 14, 19, 12, 17, 21, 15, 
          20, 18 ], 
      [ 1, 4, 3, 2, 7, 6, 5, 10, 9, 8, 13, 12, 11, 16, 15, 14, 19, 18, 17, 
          21, 20 ], 
      [ 2, 1, 5, 4, 3, 8, 7, 6, 11, 10, 9, 14, 13, 12, 17, 16, 15, 20, 19, 
          18, 21 ], 
      [ 4, 2, 7, 1, 5, 10, 3, 8, 13, 6, 11, 16, 9, 14, 19, 12, 17, 21, 15, 
          20, 18 ], 
      [ 1, 4, 3, 2, 7, 6, 5, 10, 9, 8, 13, 12, 11, 16, 15, 14, 19, 18, 17, 
          21, 20 ], 
      [ 2, 1, 5, 4, 3, 8, 7, 6, 11, 10, 9, 14, 13, 12, 17, 16, 15, 20, 19, 
          18, 21 ], 
      [ 4, 2, 7, 1, 5, 10, 3, 8, 13, 6, 11, 16, 9, 14, 19, 12, 17, 21, 15, 
          20, 18 ], 
      [ 1, 4, 3, 2, 7, 6, 5, 10, 9, 8, 13, 12, 11, 16, 15, 14, 19, 18, 17, 
          21, 20 ], 
      [ 2, 1, 5, 4, 3, 8, 7, 6, 11, 10, 9, 14, 13, 12, 17, 16, 15, 20, 19, 
          18, 21 ], 
      [ 4, 2, 7, 1, 5, 10, 3, 8, 13, 6, 11, 16, 9, 14, 19, 12, 17, 21, 15, 
          20, 18 ], 
      [ 1, 4, 3, 2, 7, 6, 5, 10, 9, 8, 13, 12, 11, 16, 15, 14, 19, 18, 17, 
          21, 20 ], 
      [ 2, 1, 5, 4, 3, 8, 7, 6, 11, 10, 9, 14, 13, 12, 17, 16, 15, 20, 19, 
          18, 21 ], 
      [ 4, 2, 7, 1, 5, 10, 3, 8, 13, 6, 11, 16, 9, 14, 19, 12, 17, 21, 15, 
          20, 18 ], 
      [ 1, 4, 3, 2, 7, 6, 5, 10, 9, 8, 13, 12, 11, 16, 15, 14, 19, 18, 17, 
          21, 20 ], 
      [ 2, 1, 5, 4, 3, 8, 7, 6, 11, 10, 9, 14, 13, 12, 17, 16, 15, 20, 19, 
          18, 21 ], 
      [ 4, 2, 7, 1, 5, 10, 3, 8, 13, 6, 11, 16, 9, 14, 19, 12, 17, 21, 15, 
          20, 18 ], 
      [ 1, 4, 3, 2, 7, 6, 5, 10, 9, 8, 13, 12, 11, 16, 15, 14, 19, 18, 17, 
          21, 20 ], 
      [ 2, 1, 5, 4, 3, 8, 7, 6, 11, 10, 9, 14, 13, 12, 17, 16, 15, 20, 19, 
          18, 21 ], 
      [ 4, 2, 7, 1, 5, 10, 3, 8, 13, 6, 11, 16, 9, 14, 19, 12, 17, 21, 15, 
          20, 18 ], 
      [ 2, 1, 5, 4, 3, 8, 7, 6, 11, 10, 9, 14, 13, 12, 17, 16, 15, 20, 19, 
          18, 21 ] ],
  ordFix := 7,
  ordf := 2,
  psi := GroupHomomorphismByImages( Group( [ (1,2,3), ( 4, 5, 6, 7, 8, 9,10) 
     ] ), Group( [ (1,2,3), ( 4, 5, 6, 7, 8, 9,10) ] ), 
    [ (1,2,3), ( 4, 5, 6, 7, 8, 9,10) ], [ (1,3,2), ( 4, 5, 6, 7, 8, 9,10) 
     ] ) ),
# No.3
rec(
  G := Group( [ (1,2,3), ( 4, 5, 6, 7, 8, 9,10) ] ),
  isConnected := false,
  matrix := 
   [ [ 1, 2, 6, 4, 8, 12, 10, 14, 18, 16, 20, 3, 21, 5, 9, 7, 11, 15, 13, 17, 
          19 ], 
      [ 1, 2, 6, 4, 8, 12, 10, 14, 18, 16, 20, 3, 21, 5, 9, 7, 11, 15, 13, 
          17, 19 ], 
      [ 18, 20, 3, 21, 5, 9, 7, 11, 15, 13, 17, 1, 19, 2, 6, 4, 8, 12, 10, 
          14, 16 ], 
      [ 1, 2, 6, 4, 8, 12, 10, 14, 18, 16, 20, 3, 21, 5, 9, 7, 11, 15, 13, 
          17, 19 ], 
      [ 18, 20, 3, 21, 5, 9, 7, 11, 15, 13, 17, 1, 19, 2, 6, 4, 8, 12, 10, 
          14, 16 ], 
      [ 15, 17, 1, 19, 2, 6, 4, 8, 12, 10, 14, 18, 16, 20, 3, 21, 5, 9, 7, 
          11, 13 ], 
      [ 18, 20, 3, 21, 5, 9, 7, 11, 15, 13, 17, 1, 19, 2, 6, 4, 8, 12, 10, 
          14, 16 ], 
      [ 15, 17, 1, 19, 2, 6, 4, 8, 12, 10, 14, 18, 16, 20, 3, 21, 5, 9, 7, 
          11, 13 ], 
      [ 12, 14, 18, 16, 20, 3, 21, 5, 9, 7, 11, 15, 13, 17, 1, 19, 2, 6, 4, 
          8, 10 ], 
      [ 15, 17, 1, 19, 2, 6, 4, 8, 12, 10, 14, 18, 16, 20, 3, 21, 5, 9, 7, 
          11, 13 ], 
      [ 12, 14, 18, 16, 20, 3, 21, 5, 9, 7, 11, 15, 13, 17, 1, 19, 2, 6, 4, 
          8, 10 ], 
      [ 9, 11, 15, 13, 17, 1, 19, 2, 6, 4, 8, 12, 10, 14, 18, 16, 20, 3, 21, 
          5, 7 ], 
      [ 12, 14, 18, 16, 20, 3, 21, 5, 9, 7, 11, 15, 13, 17, 1, 19, 2, 6, 4, 
          8, 10 ], 
      [ 9, 11, 15, 13, 17, 1, 19, 2, 6, 4, 8, 12, 10, 14, 18, 16, 20, 3, 21, 
          5, 7 ], 
      [ 6, 8, 12, 10, 14, 18, 16, 20, 3, 21, 5, 9, 7, 11, 15, 13, 17, 1, 19, 
          2, 4 ], 
      [ 9, 11, 15, 13, 17, 1, 19, 2, 6, 4, 8, 12, 10, 14, 18, 16, 20, 3, 21, 
          5, 7 ], 
      [ 6, 8, 12, 10, 14, 18, 16, 20, 3, 21, 5, 9, 7, 11, 15, 13, 17, 1, 19, 
          2, 4 ], 
      [ 3, 5, 9, 7, 11, 15, 13, 17, 1, 19, 2, 6, 4, 8, 12, 10, 14, 18, 16, 
          20, 21 ], 
      [ 6, 8, 12, 10, 14, 18, 16, 20, 3, 21, 5, 9, 7, 11, 15, 13, 17, 1, 19, 
          2, 4 ], 
      [ 3, 5, 9, 7, 11, 15, 13, 17, 1, 19, 2, 6, 4, 8, 12, 10, 14, 18, 16, 
          20, 21 ], 
      [ 3, 5, 9, 7, 11, 15, 13, 17, 1, 19, 2, 6, 4, 8, 12, 10, 14, 18, 16, 
          20, 21 ] ],
  ordFix := 3,
  ordf := 3,
  psi := GroupHomomorphismByImages( Group( [ (1,2,3), ( 4, 5, 6, 7, 8, 9,10) 
     ] ), Group( [ (1,2,3), ( 4, 5, 6, 7, 8, 9,10) ] ), 
    [ (1,2,3), ( 4, 5, 6, 7, 8, 9,10) ], [ (1,2,3), ( 4, 6, 8,10, 5, 7, 9) 
     ] ) ),
# No.4
rec(
  G := Group( [ (1,2,3), ( 4, 5, 6, 7, 8, 9,10) ] ),
  isConnected := false,
  matrix := 
   [ [ 1, 2, 9, 4, 11, 18, 13, 20, 6, 21, 8, 15, 10, 17, 3, 19, 5, 12, 7, 14, 
          16 ], 
      [ 1, 2, 9, 4, 11, 18, 13, 20, 6, 21, 8, 15, 10, 17, 3, 19, 5, 12, 7, 
          14, 16 ], 
      [ 15, 17, 3, 19, 5, 12, 7, 14, 1, 16, 2, 9, 4, 11, 18, 13, 20, 6, 21, 
          8, 10 ], 
      [ 1, 2, 9, 4, 11, 18, 13, 20, 6, 21, 8, 15, 10, 17, 3, 19, 5, 12, 7, 
          14, 16 ], 
      [ 15, 17, 3, 19, 5, 12, 7, 14, 1, 16, 2, 9, 4, 11, 18, 13, 20, 6, 21, 
          8, 10 ], 
      [ 9, 11, 18, 13, 20, 6, 21, 8, 15, 10, 17, 3, 19, 5, 12, 7, 14, 1, 16, 
          2, 4 ], 
      [ 15, 17, 3, 19, 5, 12, 7, 14, 1, 16, 2, 9, 4, 11, 18, 13, 20, 6, 21, 
          8, 10 ], 
      [ 9, 11, 18, 13, 20, 6, 21, 8, 15, 10, 17, 3, 19, 5, 12, 7, 14, 1, 16, 
          2, 4 ], 
      [ 3, 5, 12, 7, 14, 1, 16, 2, 9, 4, 11, 18, 13, 20, 6, 21, 8, 15, 10, 
          17, 19 ], 
      [ 9, 11, 18, 13, 20, 6, 21, 8, 15, 10, 17, 3, 19, 5, 12, 7, 14, 1, 16, 
          2, 4 ], 
      [ 3, 5, 12, 7, 14, 1, 16, 2, 9, 4, 11, 18, 13, 20, 6, 21, 8, 15, 10, 
          17, 19 ], 
      [ 18, 20, 6, 21, 8, 15, 10, 17, 3, 19, 5, 12, 7, 14, 1, 16, 2, 9, 4, 
          11, 13 ], 
      [ 3, 5, 12, 7, 14, 1, 16, 2, 9, 4, 11, 18, 13, 20, 6, 21, 8, 15, 10, 
          17, 19 ], 
      [ 18, 20, 6, 21, 8, 15, 10, 17, 3, 19, 5, 12, 7, 14, 1, 16, 2, 9, 4, 
          11, 13 ], 
      [ 12, 14, 1, 16, 2, 9, 4, 11, 18, 13, 20, 6, 21, 8, 15, 10, 17, 3, 19, 
          5, 7 ], 
      [ 18, 20, 6, 21, 8, 15, 10, 17, 3, 19, 5, 12, 7, 14, 1, 16, 2, 9, 4, 
          11, 13 ], 
      [ 12, 14, 1, 16, 2, 9, 4, 11, 18, 13, 20, 6, 21, 8, 15, 10, 17, 3, 19, 
          5, 7 ], 
      [ 6, 8, 15, 10, 17, 3, 19, 5, 12, 7, 14, 1, 16, 2, 9, 4, 11, 18, 13, 
          20, 21 ], 
      [ 12, 14, 1, 16, 2, 9, 4, 11, 18, 13, 20, 6, 21, 8, 15, 10, 17, 3, 19, 
          5, 7 ], 
      [ 6, 8, 15, 10, 17, 3, 19, 5, 12, 7, 14, 1, 16, 2, 9, 4, 11, 18, 13, 
          20, 21 ], 
      [ 6, 8, 15, 10, 17, 3, 19, 5, 12, 7, 14, 1, 16, 2, 9, 4, 11, 18, 13, 
          20, 21 ] ],
  ordFix := 3,
  ordf := 6,
  psi := GroupHomomorphismByImages( Group( [ (1,2,3), ( 4, 5, 6, 7, 8, 9,10) 
     ] ), Group( [ (1,2,3), ( 4, 5, 6, 7, 8, 9,10) ] ), 
    [ (1,2,3), ( 4, 5, 6, 7, 8, 9,10) ], [ (1,2,3), ( 4, 7,10, 6, 9, 5, 8) 
     ] ) ),
# No.5
rec(
  G := Group( [ (1,2,3), ( 4, 5, 6, 7, 8, 9,10) ] ),
  isConnected := false,
  matrix := 
   [ [ 1, 2, 12, 4, 14, 3, 16, 5, 15, 7, 17, 6, 19, 8, 18, 10, 20, 9, 21, 11, 
          13 ], 
      [ 1, 2, 12, 4, 14, 3, 16, 5, 15, 7, 17, 6, 19, 8, 18, 10, 20, 9, 21, 
          11, 13 ], 
      [ 12, 14, 3, 16, 5, 15, 7, 17, 6, 19, 8, 18, 10, 20, 9, 21, 11, 1, 13, 
          2, 4 ], 
      [ 1, 2, 12, 4, 14, 3, 16, 5, 15, 7, 17, 6, 19, 8, 18, 10, 20, 9, 21, 
          11, 13 ], 
      [ 12, 14, 3, 16, 5, 15, 7, 17, 6, 19, 8, 18, 10, 20, 9, 21, 11, 1, 13, 
          2, 4 ], 
      [ 3, 5, 15, 7, 17, 6, 19, 8, 18, 10, 20, 9, 21, 11, 1, 13, 2, 12, 4, 
          14, 16 ], 
      [ 12, 14, 3, 16, 5, 15, 7, 17, 6, 19, 8, 18, 10, 20, 9, 21, 11, 1, 13, 
          2, 4 ], 
      [ 3, 5, 15, 7, 17, 6, 19, 8, 18, 10, 20, 9, 21, 11, 1, 13, 2, 12, 4, 
          14, 16 ], 
      [ 15, 17, 6, 19, 8, 18, 10, 20, 9, 21, 11, 1, 13, 2, 12, 4, 14, 3, 16, 
          5, 7 ], 
      [ 3, 5, 15, 7, 17, 6, 19, 8, 18, 10, 20, 9, 21, 11, 1, 13, 2, 12, 4, 
          14, 16 ], 
      [ 15, 17, 6, 19, 8, 18, 10, 20, 9, 21, 11, 1, 13, 2, 12, 4, 14, 3, 16, 
          5, 7 ], 
      [ 6, 8, 18, 10, 20, 9, 21, 11, 1, 13, 2, 12, 4, 14, 3, 16, 5, 15, 7, 
          17, 19 ], 
      [ 15, 17, 6, 19, 8, 18, 10, 20, 9, 21, 11, 1, 13, 2, 12, 4, 14, 3, 16, 
          5, 7 ], 
      [ 6, 8, 18, 10, 20, 9, 21, 11, 1, 13, 2, 12, 4, 14, 3, 16, 5, 15, 7, 
          17, 19 ], 
      [ 18, 20, 9, 21, 11, 1, 13, 2, 12, 4, 14, 3, 16, 5, 15, 7, 17, 6, 19, 
          8, 10 ], 
      [ 6, 8, 18, 10, 20, 9, 21, 11, 1, 13, 2, 12, 4, 14, 3, 16, 5, 15, 7, 
          17, 19 ], 
      [ 18, 20, 9, 21, 11, 1, 13, 2, 12, 4, 14, 3, 16, 5, 15, 7, 17, 6, 19, 
          8, 10 ], 
      [ 9, 11, 1, 13, 2, 12, 4, 14, 3, 16, 5, 15, 7, 17, 6, 19, 8, 18, 10, 
          20, 21 ], 
      [ 18, 20, 9, 21, 11, 1, 13, 2, 12, 4, 14, 3, 16, 5, 15, 7, 17, 6, 19, 
          8, 10 ], 
      [ 9, 11, 1, 13, 2, 12, 4, 14, 3, 16, 5, 15, 7, 17, 6, 19, 8, 18, 10, 
          20, 21 ], 
      [ 9, 11, 1, 13, 2, 12, 4, 14, 3, 16, 5, 15, 7, 17, 6, 19, 8, 18, 10, 
          20, 21 ] ],
  ordFix := 3,
  ordf := 3,
  psi := GroupHomomorphismByImages( Group( [ (1,2,3), ( 4, 5, 6, 7, 8, 9,10) 
     ] ), Group( [ (1,2,3), ( 4, 5, 6, 7, 8, 9,10) ] ), 
    [ (1,2,3), ( 4, 5, 6, 7, 8, 9,10) ], [ (1,2,3), ( 4, 8, 5, 9, 6,10, 7) 
     ] ) ),
# No.6
rec(
  G := Group( [ (1,2,3), ( 4, 5, 6, 7, 8, 9,10) ] ),
  isConnected := false,
  matrix := 
   [ [ 1, 2, 15, 4, 17, 9, 19, 11, 3, 13, 5, 18, 7, 20, 12, 21, 14, 6, 16, 8, 
          10 ], 
      [ 1, 2, 15, 4, 17, 9, 19, 11, 3, 13, 5, 18, 7, 20, 12, 21, 14, 6, 16, 
          8, 10 ], 
      [ 9, 11, 3, 13, 5, 18, 7, 20, 12, 21, 14, 6, 16, 8, 1, 10, 2, 15, 4, 
          17, 19 ], 
      [ 1, 2, 15, 4, 17, 9, 19, 11, 3, 13, 5, 18, 7, 20, 12, 21, 14, 6, 16, 
          8, 10 ], 
      [ 9, 11, 3, 13, 5, 18, 7, 20, 12, 21, 14, 6, 16, 8, 1, 10, 2, 15, 4, 
          17, 19 ], 
      [ 18, 20, 12, 21, 14, 6, 16, 8, 1, 10, 2, 15, 4, 17, 9, 19, 11, 3, 13, 
          5, 7 ], 
      [ 9, 11, 3, 13, 5, 18, 7, 20, 12, 21, 14, 6, 16, 8, 1, 10, 2, 15, 4, 
          17, 19 ], 
      [ 18, 20, 12, 21, 14, 6, 16, 8, 1, 10, 2, 15, 4, 17, 9, 19, 11, 3, 13, 
          5, 7 ], 
      [ 6, 8, 1, 10, 2, 15, 4, 17, 9, 19, 11, 3, 13, 5, 18, 7, 20, 12, 21, 
          14, 16 ], 
      [ 18, 20, 12, 21, 14, 6, 16, 8, 1, 10, 2, 15, 4, 17, 9, 19, 11, 3, 13, 
          5, 7 ], 
      [ 6, 8, 1, 10, 2, 15, 4, 17, 9, 19, 11, 3, 13, 5, 18, 7, 20, 12, 21, 
          14, 16 ], 
      [ 15, 17, 9, 19, 11, 3, 13, 5, 18, 7, 20, 12, 21, 14, 6, 16, 8, 1, 10, 
          2, 4 ], 
      [ 6, 8, 1, 10, 2, 15, 4, 17, 9, 19, 11, 3, 13, 5, 18, 7, 20, 12, 21, 
          14, 16 ], 
      [ 15, 17, 9, 19, 11, 3, 13, 5, 18, 7, 20, 12, 21, 14, 6, 16, 8, 1, 10, 
          2, 4 ], 
      [ 3, 5, 18, 7, 20, 12, 21, 14, 6, 16, 8, 1, 10, 2, 15, 4, 17, 9, 19, 
          11, 13 ], 
      [ 15, 17, 9, 19, 11, 3, 13, 5, 18, 7, 20, 12, 21, 14, 6, 16, 8, 1, 10, 
          2, 4 ], 
      [ 3, 5, 18, 7, 20, 12, 21, 14, 6, 16, 8, 1, 10, 2, 15, 4, 17, 9, 19, 
          11, 13 ], 
      [ 12, 14, 6, 16, 8, 1, 10, 2, 15, 4, 17, 9, 19, 11, 3, 13, 5, 18, 7, 
          20, 21 ], 
      [ 3, 5, 18, 7, 20, 12, 21, 14, 6, 16, 8, 1, 10, 2, 15, 4, 17, 9, 19, 
          11, 13 ], 
      [ 12, 14, 6, 16, 8, 1, 10, 2, 15, 4, 17, 9, 19, 11, 3, 13, 5, 18, 7, 
          20, 21 ], 
      [ 12, 14, 6, 16, 8, 1, 10, 2, 15, 4, 17, 9, 19, 11, 3, 13, 5, 18, 7, 
          20, 21 ] ],
  ordFix := 3,
  ordf := 6,
  psi := GroupHomomorphismByImages( Group( [ (1,2,3), ( 4, 5, 6, 7, 8, 9,10) 
     ] ), Group( [ (1,2,3), ( 4, 5, 6, 7, 8, 9,10) ] ), 
    [ (1,2,3), ( 4, 5, 6, 7, 8, 9,10) ], [ (1,2,3), ( 4, 9, 7, 5,10, 8, 6) 
     ] ) ),
# No.7
rec(
  G := Group( [ (1,2,3), ( 4, 5, 6, 7, 8, 9,10) ] ),
  isConnected := false,
  matrix := 
   [ [ 1, 2, 18, 4, 20, 15, 21, 17, 12, 19, 14, 9, 16, 11, 6, 13, 8, 3, 10, 
          5, 7 ], 
      [ 1, 2, 18, 4, 20, 15, 21, 17, 12, 19, 14, 9, 16, 11, 6, 13, 8, 3, 10, 
          5, 7 ], 
      [ 6, 8, 3, 10, 5, 1, 7, 2, 18, 4, 20, 15, 21, 17, 12, 19, 14, 9, 16, 
          11, 13 ], 
      [ 1, 2, 18, 4, 20, 15, 21, 17, 12, 19, 14, 9, 16, 11, 6, 13, 8, 3, 10, 
          5, 7 ], 
      [ 6, 8, 3, 10, 5, 1, 7, 2, 18, 4, 20, 15, 21, 17, 12, 19, 14, 9, 16, 
          11, 13 ], 
      [ 12, 14, 9, 16, 11, 6, 13, 8, 3, 10, 5, 1, 7, 2, 18, 4, 20, 15, 21, 
          17, 19 ], 
      [ 6, 8, 3, 10, 5, 1, 7, 2, 18, 4, 20, 15, 21, 17, 12, 19, 14, 9, 16, 
          11, 13 ], 
      [ 12, 14, 9, 16, 11, 6, 13, 8, 3, 10, 5, 1, 7, 2, 18, 4, 20, 15, 21, 
          17, 19 ], 
      [ 18, 20, 15, 21, 17, 12, 19, 14, 9, 16, 11, 6, 13, 8, 3, 10, 5, 1, 7, 
          2, 4 ], 
      [ 12, 14, 9, 16, 11, 6, 13, 8, 3, 10, 5, 1, 7, 2, 18, 4, 20, 15, 21, 
          17, 19 ], 
      [ 18, 20, 15, 21, 17, 12, 19, 14, 9, 16, 11, 6, 13, 8, 3, 10, 5, 1, 7, 
          2, 4 ], 
      [ 3, 5, 1, 7, 2, 18, 4, 20, 15, 21, 17, 12, 19, 14, 9, 16, 11, 6, 13, 
          8, 10 ], 
      [ 18, 20, 15, 21, 17, 12, 19, 14, 9, 16, 11, 6, 13, 8, 3, 10, 5, 1, 7, 
          2, 4 ], 
      [ 3, 5, 1, 7, 2, 18, 4, 20, 15, 21, 17, 12, 19, 14, 9, 16, 11, 6, 13, 
          8, 10 ], 
      [ 9, 11, 6, 13, 8, 3, 10, 5, 1, 7, 2, 18, 4, 20, 15, 21, 17, 12, 19, 
          14, 16 ], 
      [ 3, 5, 1, 7, 2, 18, 4, 20, 15, 21, 17, 12, 19, 14, 9, 16, 11, 6, 13, 
          8, 10 ], 
      [ 9, 11, 6, 13, 8, 3, 10, 5, 1, 7, 2, 18, 4, 20, 15, 21, 17, 12, 19, 
          14, 16 ], 
      [ 15, 17, 12, 19, 14, 9, 16, 11, 6, 13, 8, 3, 10, 5, 1, 7, 2, 18, 4, 
          20, 21 ], 
      [ 9, 11, 6, 13, 8, 3, 10, 5, 1, 7, 2, 18, 4, 20, 15, 21, 17, 12, 19, 
          14, 16 ], 
      [ 15, 17, 12, 19, 14, 9, 16, 11, 6, 13, 8, 3, 10, 5, 1, 7, 2, 18, 4, 
          20, 21 ], 
      [ 15, 17, 12, 19, 14, 9, 16, 11, 6, 13, 8, 3, 10, 5, 1, 7, 2, 18, 4, 
          20, 21 ] ],
  ordFix := 3,
  ordf := 2,
  psi := GroupHomomorphismByImages( Group( [ (1,2,3), ( 4, 5, 6, 7, 8, 9,10) 
     ] ), Group( [ (1,2,3), ( 4, 5, 6, 7, 8, 9,10) ] ), 
    [ (1,2,3), ( 4, 5, 6, 7, 8, 9,10) ], [ (1,2,3), ( 4,10, 9, 8, 7, 6, 5) 
     ] ) ),
# No.8
rec(
  G := Group( [ (1,2,3), ( 4, 5, 6, 7, 8, 9,10) ] ),
  isConnected := true,
  matrix := 
   [ [ 1, 4, 6, 2, 10, 12, 8, 16, 18, 14, 21, 3, 20, 7, 9, 5, 13, 15, 11, 19, 
          17 ], 
      [ 4, 2, 10, 1, 8, 16, 6, 14, 21, 12, 20, 7, 18, 5, 13, 3, 11, 19, 9, 
          17, 15 ], 
      [ 18, 21, 3, 20, 7, 9, 5, 13, 15, 11, 19, 1, 17, 4, 6, 2, 10, 12, 8, 
          16, 14 ], 
      [ 2, 1, 8, 4, 6, 14, 10, 12, 20, 16, 18, 5, 21, 3, 11, 7, 9, 17, 13, 
          15, 19 ], 
      [ 21, 20, 7, 18, 5, 13, 3, 11, 19, 9, 17, 4, 15, 2, 10, 1, 8, 16, 6, 
          14, 12 ], 
      [ 15, 19, 1, 17, 4, 6, 2, 10, 12, 8, 16, 18, 14, 21, 3, 20, 7, 9, 5, 
          13, 11 ], 
      [ 20, 18, 5, 21, 3, 11, 7, 9, 17, 13, 15, 2, 19, 1, 8, 4, 6, 14, 10, 
          12, 16 ], 
      [ 19, 17, 4, 15, 2, 10, 1, 8, 16, 6, 14, 21, 12, 20, 7, 18, 5, 13, 3, 
          11, 9 ], 
      [ 12, 16, 18, 14, 21, 3, 20, 7, 9, 5, 13, 15, 11, 19, 1, 17, 4, 6, 2, 
          10, 8 ], 
      [ 17, 15, 2, 19, 1, 8, 4, 6, 14, 10, 12, 20, 16, 18, 5, 21, 3, 11, 7, 
          9, 13 ], 
      [ 16, 14, 21, 12, 20, 7, 18, 5, 13, 3, 11, 19, 9, 17, 4, 15, 2, 10, 1, 
          8, 6 ], 
      [ 9, 13, 15, 11, 19, 1, 17, 4, 6, 2, 10, 12, 8, 16, 18, 14, 21, 3, 20, 
          7, 5 ], 
      [ 14, 12, 20, 16, 18, 5, 21, 3, 11, 7, 9, 17, 13, 15, 2, 19, 1, 8, 4, 
          6, 10 ], 
      [ 13, 11, 19, 9, 17, 4, 15, 2, 10, 1, 8, 16, 6, 14, 21, 12, 20, 7, 18, 
          5, 3 ], 
      [ 6, 10, 12, 8, 16, 18, 14, 21, 3, 20, 7, 9, 5, 13, 15, 11, 19, 1, 17, 
          4, 2 ], 
      [ 11, 9, 17, 13, 15, 2, 19, 1, 8, 4, 6, 14, 10, 12, 20, 16, 18, 5, 21, 
          3, 7 ], 
      [ 10, 8, 16, 6, 14, 21, 12, 20, 7, 18, 5, 13, 3, 11, 19, 9, 17, 4, 15, 
          2, 1 ], 
      [ 3, 7, 9, 5, 13, 15, 11, 19, 1, 17, 4, 6, 2, 10, 12, 8, 16, 18, 14, 
          21, 20 ], 
      [ 8, 6, 14, 10, 12, 20, 16, 18, 5, 21, 3, 11, 7, 9, 17, 13, 15, 2, 19, 
          1, 4 ], 
      [ 7, 5, 13, 3, 11, 19, 9, 17, 4, 15, 2, 10, 1, 8, 16, 6, 14, 21, 12, 
          20, 18 ], 
      [ 5, 3, 11, 7, 9, 17, 13, 15, 2, 19, 1, 8, 4, 6, 14, 10, 12, 20, 16, 
          18, 21 ] ],
  ordFix := 1,
  ordf := 6,
  psi := GroupHomomorphismByImages( Group( [ (1,2,3), ( 4, 5, 6, 7, 8, 9,10) 
     ] ), Group( [ (1,2,3), ( 4, 5, 6, 7, 8, 9,10) ] ), 
    [ (1,2,3), ( 4, 5, 6, 7, 8, 9,10) ], [ (1,3,2), ( 4, 6, 8,10, 5, 7, 9) 
     ] ) ),
# No.9
rec(
  G := Group( [ (1,2,3), ( 4, 5, 6, 7, 8, 9,10) ] ),
  isConnected := true,
  matrix := 
   [ [ 1, 4, 9, 2, 13, 18, 11, 21, 6, 20, 10, 15, 8, 19, 3, 17, 7, 12, 5, 16, 
          14 ], 
      [ 4, 2, 13, 1, 11, 21, 9, 20, 10, 18, 8, 19, 6, 17, 7, 15, 5, 16, 3, 
          14, 12 ], 
      [ 15, 19, 3, 17, 7, 12, 5, 16, 1, 14, 4, 9, 2, 13, 18, 11, 21, 6, 20, 
          10, 8 ], 
      [ 2, 1, 11, 4, 9, 20, 13, 18, 8, 21, 6, 17, 10, 15, 5, 19, 3, 14, 7, 
          12, 16 ], 
      [ 19, 17, 7, 15, 5, 16, 3, 14, 4, 12, 2, 13, 1, 11, 21, 9, 20, 10, 18, 
          8, 6 ], 
      [ 9, 13, 18, 11, 21, 6, 20, 10, 15, 8, 19, 3, 17, 7, 12, 5, 16, 1, 14, 
          4, 2 ], 
      [ 17, 15, 5, 19, 3, 14, 7, 12, 2, 16, 1, 11, 4, 9, 20, 13, 18, 8, 21, 
          6, 10 ], 
      [ 13, 11, 21, 9, 20, 10, 18, 8, 19, 6, 17, 7, 15, 5, 16, 3, 14, 4, 12, 
          2, 1 ], 
      [ 3, 7, 12, 5, 16, 1, 14, 4, 9, 2, 13, 18, 11, 21, 6, 20, 10, 15, 8, 
          19, 17 ], 
      [ 11, 9, 20, 13, 18, 8, 21, 6, 17, 10, 15, 5, 19, 3, 14, 7, 12, 2, 16, 
          1, 4 ], 
      [ 7, 5, 16, 3, 14, 4, 12, 2, 13, 1, 11, 21, 9, 20, 10, 18, 8, 19, 6, 
          17, 15 ], 
      [ 18, 21, 6, 20, 10, 15, 8, 19, 3, 17, 7, 12, 5, 16, 1, 14, 4, 9, 2, 
          13, 11 ], 
      [ 5, 3, 14, 7, 12, 2, 16, 1, 11, 4, 9, 20, 13, 18, 8, 21, 6, 17, 10, 
          15, 19 ], 
      [ 21, 20, 10, 18, 8, 19, 6, 17, 7, 15, 5, 16, 3, 14, 4, 12, 2, 13, 1, 
          11, 9 ], 
      [ 12, 16, 1, 14, 4, 9, 2, 13, 18, 11, 21, 6, 20, 10, 15, 8, 19, 3, 17, 
          7, 5 ], 
      [ 20, 18, 8, 21, 6, 17, 10, 15, 5, 19, 3, 14, 7, 12, 2, 16, 1, 11, 4, 
          9, 13 ], 
      [ 16, 14, 4, 12, 2, 13, 1, 11, 21, 9, 20, 10, 18, 8, 19, 6, 17, 7, 15, 
          5, 3 ], 
      [ 6, 10, 15, 8, 19, 3, 17, 7, 12, 5, 16, 1, 14, 4, 9, 2, 13, 18, 11, 
          21, 20 ], 
      [ 14, 12, 2, 16, 1, 11, 4, 9, 20, 13, 18, 8, 21, 6, 17, 10, 15, 5, 19, 
          3, 7 ], 
      [ 10, 8, 19, 6, 17, 7, 15, 5, 16, 3, 14, 4, 12, 2, 13, 1, 11, 21, 9, 
          20, 18 ], 
      [ 8, 6, 17, 10, 15, 5, 19, 3, 14, 7, 12, 2, 16, 1, 11, 4, 9, 20, 13, 
          18, 21 ] ],
  ordFix := 1,
  ordf := 6,
  psi := GroupHomomorphismByImages( Group( [ (1,2,3), ( 4, 5, 6, 7, 8, 9,10) 
     ] ), Group( [ (1,2,3), ( 4, 5, 6, 7, 8, 9,10) ] ), 
    [ (1,2,3), ( 4, 5, 6, 7, 8, 9,10) ], [ (1,3,2), ( 4, 7,10, 6, 9, 5, 8) 
     ] ) ),
# No.10
rec(
  G := Group( [ (1,2,3), ( 4, 5, 6, 7, 8, 9,10) ] ),
  isConnected := true,
  matrix := 
   [ [ 1, 4, 12, 2, 16, 3, 14, 7, 15, 5, 19, 6, 17, 10, 18, 8, 21, 9, 20, 13, 
          11 ], 
      [ 4, 2, 16, 1, 14, 7, 12, 5, 19, 3, 17, 10, 15, 8, 21, 6, 20, 13, 18, 
          11, 9 ], 
      [ 12, 16, 3, 14, 7, 15, 5, 19, 6, 17, 10, 18, 8, 21, 9, 20, 13, 1, 11, 
          4, 2 ], 
      [ 2, 1, 14, 4, 12, 5, 16, 3, 17, 7, 15, 8, 19, 6, 20, 10, 18, 11, 21, 
          9, 13 ], 
      [ 16, 14, 7, 12, 5, 19, 3, 17, 10, 15, 8, 21, 6, 20, 13, 18, 11, 4, 9, 
          2, 1 ], 
      [ 3, 7, 15, 5, 19, 6, 17, 10, 18, 8, 21, 9, 20, 13, 1, 11, 4, 12, 2, 
          16, 14 ], 
      [ 14, 12, 5, 16, 3, 17, 7, 15, 8, 19, 6, 20, 10, 18, 11, 21, 9, 2, 13, 
          1, 4 ], 
      [ 7, 5, 19, 3, 17, 10, 15, 8, 21, 6, 20, 13, 18, 11, 4, 9, 2, 16, 1, 
          14, 12 ], 
      [ 15, 19, 6, 17, 10, 18, 8, 21, 9, 20, 13, 1, 11, 4, 12, 2, 16, 3, 14, 
          7, 5 ], 
      [ 5, 3, 17, 7, 15, 8, 19, 6, 20, 10, 18, 11, 21, 9, 2, 13, 1, 14, 4, 
          12, 16 ], 
      [ 19, 17, 10, 15, 8, 21, 6, 20, 13, 18, 11, 4, 9, 2, 16, 1, 14, 7, 12, 
          5, 3 ], 
      [ 6, 10, 18, 8, 21, 9, 20, 13, 1, 11, 4, 12, 2, 16, 3, 14, 7, 15, 5, 
          19, 17 ], 
      [ 17, 15, 8, 19, 6, 20, 10, 18, 11, 21, 9, 2, 13, 1, 14, 4, 12, 5, 16, 
          3, 7 ], 
      [ 10, 8, 21, 6, 20, 13, 18, 11, 4, 9, 2, 16, 1, 14, 7, 12, 5, 19, 3, 
          17, 15 ], 
      [ 18, 21, 9, 20, 13, 1, 11, 4, 12, 2, 16, 3, 14, 7, 15, 5, 19, 6, 17, 
          10, 8 ], 
      [ 8, 6, 20, 10, 18, 11, 21, 9, 2, 13, 1, 14, 4, 12, 5, 16, 3, 17, 7, 
          15, 19 ], 
      [ 21, 20, 13, 18, 11, 4, 9, 2, 16, 1, 14, 7, 12, 5, 19, 3, 17, 10, 15, 
          8, 6 ], 
      [ 9, 13, 1, 11, 4, 12, 2, 16, 3, 14, 7, 15, 5, 19, 6, 17, 10, 18, 8, 
          21, 20 ], 
      [ 20, 18, 11, 21, 9, 2, 13, 1, 14, 4, 12, 5, 16, 3, 17, 7, 15, 8, 19, 
          6, 10 ], 
      [ 13, 11, 4, 9, 2, 16, 1, 14, 7, 12, 5, 19, 3, 17, 10, 15, 8, 21, 6, 
          20, 18 ], 
      [ 11, 9, 2, 13, 1, 14, 4, 12, 5, 16, 3, 17, 7, 15, 8, 19, 6, 20, 10, 
          18, 21 ] ],
  ordFix := 1,
  ordf := 6,
  psi := GroupHomomorphismByImages( Group( [ (1,2,3), ( 4, 5, 6, 7, 8, 9,10) 
     ] ), Group( [ (1,2,3), ( 4, 5, 6, 7, 8, 9,10) ] ), 
    [ (1,2,3), ( 4, 5, 6, 7, 8, 9,10) ], [ (1,3,2), ( 4, 8, 5, 9, 6,10, 7) 
     ] ) ),
# No.11
rec(
  G := Group( [ (1,2,3), ( 4, 5, 6, 7, 8, 9,10) ] ),
  isConnected := true,
  matrix := 
   [ [ 1, 4, 15, 2, 19, 9, 17, 13, 3, 11, 7, 18, 5, 21, 12, 20, 16, 6, 14, 
          10, 8 ], 
      [ 4, 2, 19, 1, 17, 13, 15, 11, 7, 9, 5, 21, 3, 20, 16, 18, 14, 10, 12, 
          8, 6 ], 
      [ 9, 13, 3, 11, 7, 18, 5, 21, 12, 20, 16, 6, 14, 10, 1, 8, 4, 15, 2, 
          19, 17 ], 
      [ 2, 1, 17, 4, 15, 11, 19, 9, 5, 13, 3, 20, 7, 18, 14, 21, 12, 8, 16, 
          6, 10 ], 
      [ 13, 11, 7, 9, 5, 21, 3, 20, 16, 18, 14, 10, 12, 8, 4, 6, 2, 19, 1, 
          17, 15 ], 
      [ 18, 21, 12, 20, 16, 6, 14, 10, 1, 8, 4, 15, 2, 19, 9, 17, 13, 3, 11, 
          7, 5 ], 
      [ 11, 9, 5, 13, 3, 20, 7, 18, 14, 21, 12, 8, 16, 6, 2, 10, 1, 17, 4, 
          15, 19 ], 
      [ 21, 20, 16, 18, 14, 10, 12, 8, 4, 6, 2, 19, 1, 17, 13, 15, 11, 7, 9, 
          5, 3 ], 
      [ 6, 10, 1, 8, 4, 15, 2, 19, 9, 17, 13, 3, 11, 7, 18, 5, 21, 12, 20, 
          16, 14 ], 
      [ 20, 18, 14, 21, 12, 8, 16, 6, 2, 10, 1, 17, 4, 15, 11, 19, 9, 5, 13, 
          3, 7 ], 
      [ 10, 8, 4, 6, 2, 19, 1, 17, 13, 15, 11, 7, 9, 5, 21, 3, 20, 16, 18, 
          14, 12 ], 
      [ 15, 19, 9, 17, 13, 3, 11, 7, 18, 5, 21, 12, 20, 16, 6, 14, 10, 1, 8, 
          4, 2 ], 
      [ 8, 6, 2, 10, 1, 17, 4, 15, 11, 19, 9, 5, 13, 3, 20, 7, 18, 14, 21, 
          12, 16 ], 
      [ 19, 17, 13, 15, 11, 7, 9, 5, 21, 3, 20, 16, 18, 14, 10, 12, 8, 4, 6, 
          2, 1 ], 
      [ 3, 7, 18, 5, 21, 12, 20, 16, 6, 14, 10, 1, 8, 4, 15, 2, 19, 9, 17, 
          13, 11 ], 
      [ 17, 15, 11, 19, 9, 5, 13, 3, 20, 7, 18, 14, 21, 12, 8, 16, 6, 2, 10, 
          1, 4 ], 
      [ 7, 5, 21, 3, 20, 16, 18, 14, 10, 12, 8, 4, 6, 2, 19, 1, 17, 13, 15, 
          11, 9 ], 
      [ 12, 16, 6, 14, 10, 1, 8, 4, 15, 2, 19, 9, 17, 13, 3, 11, 7, 18, 5, 
          21, 20 ], 
      [ 5, 3, 20, 7, 18, 14, 21, 12, 8, 16, 6, 2, 10, 1, 17, 4, 15, 11, 19, 
          9, 13 ], 
      [ 16, 14, 10, 12, 8, 4, 6, 2, 19, 1, 17, 13, 15, 11, 7, 9, 5, 21, 3, 
          20, 18 ], 
      [ 14, 12, 8, 16, 6, 2, 10, 1, 17, 4, 15, 11, 19, 9, 5, 13, 3, 20, 7, 
          18, 21 ] ],
  ordFix := 1,
  ordf := 6,
  psi := GroupHomomorphismByImages( Group( [ (1,2,3), ( 4, 5, 6, 7, 8, 9,10) 
     ] ), Group( [ (1,2,3), ( 4, 5, 6, 7, 8, 9,10) ] ), 
    [ (1,2,3), ( 4, 5, 6, 7, 8, 9,10) ], [ (1,3,2), ( 4, 9, 7, 5,10, 8, 6) 
     ] ) ),
# No.12
rec(
  G := Group( [ (1,2,3), ( 4, 5, 6, 7, 8, 9,10) ] ),
  isConnected := true,
  matrix := 
   [ [ 1, 4, 18, 2, 21, 15, 20, 19, 12, 17, 16, 9, 14, 13, 6, 11, 10, 3, 8, 
          7, 5 ], 
      [ 4, 2, 21, 1, 20, 19, 18, 17, 16, 15, 14, 13, 12, 11, 10, 9, 8, 7, 6, 
          5, 3 ], 
      [ 6, 10, 3, 8, 7, 1, 5, 4, 18, 2, 21, 15, 20, 19, 12, 17, 16, 9, 14, 
          13, 11 ], 
      [ 2, 1, 20, 4, 18, 17, 21, 15, 14, 19, 12, 11, 16, 9, 8, 13, 6, 5, 10, 
          3, 7 ], 
      [ 10, 8, 7, 6, 5, 4, 3, 2, 21, 1, 20, 19, 18, 17, 16, 15, 14, 13, 12, 
          11, 9 ], 
      [ 12, 16, 9, 14, 13, 6, 11, 10, 3, 8, 7, 1, 5, 4, 18, 2, 21, 15, 20, 
          19, 17 ], 
      [ 8, 6, 5, 10, 3, 2, 7, 1, 20, 4, 18, 17, 21, 15, 14, 19, 12, 11, 16, 
          9, 13 ], 
      [ 16, 14, 13, 12, 11, 10, 9, 8, 7, 6, 5, 4, 3, 2, 21, 1, 20, 19, 18, 
          17, 15 ], 
      [ 18, 21, 15, 20, 19, 12, 17, 16, 9, 14, 13, 6, 11, 10, 3, 8, 7, 1, 5, 
          4, 2 ], 
      [ 14, 12, 11, 16, 9, 8, 13, 6, 5, 10, 3, 2, 7, 1, 20, 4, 18, 17, 21, 
          15, 19 ], 
      [ 21, 20, 19, 18, 17, 16, 15, 14, 13, 12, 11, 10, 9, 8, 7, 6, 5, 4, 3, 
          2, 1 ], 
      [ 3, 7, 1, 5, 4, 18, 2, 21, 15, 20, 19, 12, 17, 16, 9, 14, 13, 6, 11, 
          10, 8 ], 
      [ 20, 18, 17, 21, 15, 14, 19, 12, 11, 16, 9, 8, 13, 6, 5, 10, 3, 2, 7, 
          1, 4 ], 
      [ 7, 5, 4, 3, 2, 21, 1, 20, 19, 18, 17, 16, 15, 14, 13, 12, 11, 10, 9, 
          8, 6 ], 
      [ 9, 13, 6, 11, 10, 3, 8, 7, 1, 5, 4, 18, 2, 21, 15, 20, 19, 12, 17, 
          16, 14 ], 
      [ 5, 3, 2, 7, 1, 20, 4, 18, 17, 21, 15, 14, 19, 12, 11, 16, 9, 8, 13, 
          6, 10 ], 
      [ 13, 11, 10, 9, 8, 7, 6, 5, 4, 3, 2, 21, 1, 20, 19, 18, 17, 16, 15, 
          14, 12 ], 
      [ 15, 19, 12, 17, 16, 9, 14, 13, 6, 11, 10, 3, 8, 7, 1, 5, 4, 18, 2, 
          21, 20 ], 
      [ 11, 9, 8, 13, 6, 5, 10, 3, 2, 7, 1, 20, 4, 18, 17, 21, 15, 14, 19, 
          12, 16 ], 
      [ 19, 17, 16, 15, 14, 13, 12, 11, 10, 9, 8, 7, 6, 5, 4, 3, 2, 21, 1, 
          20, 18 ], 
      [ 17, 15, 14, 19, 12, 11, 16, 9, 8, 13, 6, 5, 10, 3, 2, 7, 1, 20, 4, 
          18, 21 ] ],
  ordFix := 1,
  ordf := 2,
  psi := GroupHomomorphismByImages( Group( [ (1,2,3), ( 4, 5, 6, 7, 8, 9,10) 
     ] ), Group( [ (1,2,3), ( 4, 5, 6, 7, 8, 9,10) ] ), 
    [ (1,2,3), ( 4, 5, 6, 7, 8, 9,10) ], [ (1,3,2), ( 4,10, 9, 8, 7, 6, 5) 
     ] ) ),
# No.13
rec(
  G := Group( [ (2,3,5)(4,7,6), (1,2,3,4,5,6,7) ] ),
  isConnected := false,
  matrix := 
   [ [ 1, 20, 3, 16, 2, 6, 19, 5, 9, 21, 8, 12, 4, 11, 15, 7, 14, 18, 10, 17, 
          13 ], 
      [ 3, 2, 6, 19, 5, 9, 21, 8, 12, 4, 11, 15, 7, 14, 18, 10, 17, 1, 13, 
          20, 16 ], 
      [ 1, 20, 3, 16, 2, 6, 19, 5, 9, 21, 8, 12, 4, 11, 15, 7, 14, 18, 10, 
          17, 13 ], 
      [ 9, 8, 12, 4, 11, 15, 7, 14, 18, 10, 17, 1, 13, 20, 3, 16, 2, 6, 19, 
          5, 21 ], 
      [ 3, 2, 6, 19, 5, 9, 21, 8, 12, 4, 11, 15, 7, 14, 18, 10, 17, 1, 13, 
          20, 16 ], 
      [ 1, 20, 3, 16, 2, 6, 19, 5, 9, 21, 8, 12, 4, 11, 15, 7, 14, 18, 10, 
          17, 13 ], 
      [ 9, 8, 12, 4, 11, 15, 7, 14, 18, 10, 17, 1, 13, 20, 3, 16, 2, 6, 19, 
          5, 21 ], 
      [ 3, 2, 6, 19, 5, 9, 21, 8, 12, 4, 11, 15, 7, 14, 18, 10, 17, 1, 13, 
          20, 16 ], 
      [ 1, 20, 3, 16, 2, 6, 19, 5, 9, 21, 8, 12, 4, 11, 15, 7, 14, 18, 10, 
          17, 13 ], 
      [ 9, 8, 12, 4, 11, 15, 7, 14, 18, 10, 17, 1, 13, 20, 3, 16, 2, 6, 19, 
          5, 21 ], 
      [ 3, 2, 6, 19, 5, 9, 21, 8, 12, 4, 11, 15, 7, 14, 18, 10, 17, 1, 13, 
          20, 16 ], 
      [ 1, 20, 3, 16, 2, 6, 19, 5, 9, 21, 8, 12, 4, 11, 15, 7, 14, 18, 10, 
          17, 13 ], 
      [ 9, 8, 12, 4, 11, 15, 7, 14, 18, 10, 17, 1, 13, 20, 3, 16, 2, 6, 19, 
          5, 21 ], 
      [ 3, 2, 6, 19, 5, 9, 21, 8, 12, 4, 11, 15, 7, 14, 18, 10, 17, 1, 13, 
          20, 16 ], 
      [ 1, 20, 3, 16, 2, 6, 19, 5, 9, 21, 8, 12, 4, 11, 15, 7, 14, 18, 10, 
          17, 13 ], 
      [ 9, 8, 12, 4, 11, 15, 7, 14, 18, 10, 17, 1, 13, 20, 3, 16, 2, 6, 19, 
          5, 21 ], 
      [ 3, 2, 6, 19, 5, 9, 21, 8, 12, 4, 11, 15, 7, 14, 18, 10, 17, 1, 13, 
          20, 16 ], 
      [ 1, 20, 3, 16, 2, 6, 19, 5, 9, 21, 8, 12, 4, 11, 15, 7, 14, 18, 10, 
          17, 13 ], 
      [ 9, 8, 12, 4, 11, 15, 7, 14, 18, 10, 17, 1, 13, 20, 3, 16, 2, 6, 19, 
          5, 21 ], 
      [ 3, 2, 6, 19, 5, 9, 21, 8, 12, 4, 11, 15, 7, 14, 18, 10, 17, 1, 13, 
          20, 16 ], 
      [ 9, 8, 12, 4, 11, 15, 7, 14, 18, 10, 17, 1, 13, 20, 3, 16, 2, 6, 19, 
          5, 21 ] ],
  ordFix := 7,
  ordf := 7,
  psi := GroupGeneralMappingByImages( Group( 
    [ (2,3,5)(4,7,6), (1,2,3,4,5,6,7) ] ), Group( 
    [ (2,3,5)(4,7,6), (1,2,3,4,5,6,7) ] ), [ (2,3,5)(4,7,6), (1,2,3,4,5,6,7) 
     ], [ (1,7,5)(3,4,6), (1,2,3,4,5,6,7) ] ) ),
]; 
### end of file ###