# 
# computed by Jin Kosaka and Hirotake Kurihara 
# using gap 4.12.2 
# 
GAQ_14 :=
[
# No.1
rec(
  G := Group( [ (1,2), (3,4,5,6,7,8,9) ] ),
  isConnected := false,
  matrix := [ [ 1, 2, 3, 4, 5, 6, 7, 8, 9, 10, 11, 12, 13, 14 ], 
      [ 1, 2, 3, 4, 5, 6, 7, 8, 9, 10, 11, 12, 13, 14 ], 
      [ 1, 2, 3, 4, 5, 6, 7, 8, 9, 10, 11, 12, 13, 14 ], 
      [ 1, 2, 3, 4, 5, 6, 7, 8, 9, 10, 11, 12, 13, 14 ], 
      [ 1, 2, 3, 4, 5, 6, 7, 8, 9, 10, 11, 12, 13, 14 ], 
      [ 1, 2, 3, 4, 5, 6, 7, 8, 9, 10, 11, 12, 13, 14 ], 
      [ 1, 2, 3, 4, 5, 6, 7, 8, 9, 10, 11, 12, 13, 14 ], 
      [ 1, 2, 3, 4, 5, 6, 7, 8, 9, 10, 11, 12, 13, 14 ], 
      [ 1, 2, 3, 4, 5, 6, 7, 8, 9, 10, 11, 12, 13, 14 ], 
      [ 1, 2, 3, 4, 5, 6, 7, 8, 9, 10, 11, 12, 13, 14 ], 
      [ 1, 2, 3, 4, 5, 6, 7, 8, 9, 10, 11, 12, 13, 14 ], 
      [ 1, 2, 3, 4, 5, 6, 7, 8, 9, 10, 11, 12, 13, 14 ], 
      [ 1, 2, 3, 4, 5, 6, 7, 8, 9, 10, 11, 12, 13, 14 ], 
      [ 1, 2, 3, 4, 5, 6, 7, 8, 9, 10, 11, 12, 13, 14 ] ],
  ordFix := 14,
  ordf := 1,
  psi := GroupHomomorphismByImages( Group( [ (1,2), (3,4,5,6,7,8,9) 
     ] ), Group( [ (1,2), (3,4,5,6,7,8,9) ] ), [ (1,2), (3,4,5,6,7,8,9) ], 
    [ (1,2), (3,4,5,6,7,8,9) ] ) ),
# No.2
rec(
  G := Group( [ (1,2), (3,4,5,6,7,8,9) ] ),
  isConnected := false,
  matrix := [ [ 1, 2, 5, 6, 9, 10, 13, 14, 3, 4, 7, 8, 11, 12 ], 
      [ 1, 2, 5, 6, 9, 10, 13, 14, 3, 4, 7, 8, 11, 12 ], 
      [ 13, 14, 3, 4, 7, 8, 11, 12, 1, 2, 5, 6, 9, 10 ], 
      [ 13, 14, 3, 4, 7, 8, 11, 12, 1, 2, 5, 6, 9, 10 ], 
      [ 11, 12, 1, 2, 5, 6, 9, 10, 13, 14, 3, 4, 7, 8 ], 
      [ 11, 12, 1, 2, 5, 6, 9, 10, 13, 14, 3, 4, 7, 8 ], 
      [ 9, 10, 13, 14, 3, 4, 7, 8, 11, 12, 1, 2, 5, 6 ], 
      [ 9, 10, 13, 14, 3, 4, 7, 8, 11, 12, 1, 2, 5, 6 ], 
      [ 7, 8, 11, 12, 1, 2, 5, 6, 9, 10, 13, 14, 3, 4 ], 
      [ 7, 8, 11, 12, 1, 2, 5, 6, 9, 10, 13, 14, 3, 4 ], 
      [ 5, 6, 9, 10, 13, 14, 3, 4, 7, 8, 11, 12, 1, 2 ], 
      [ 5, 6, 9, 10, 13, 14, 3, 4, 7, 8, 11, 12, 1, 2 ], 
      [ 3, 4, 7, 8, 11, 12, 1, 2, 5, 6, 9, 10, 13, 14 ], 
      [ 3, 4, 7, 8, 11, 12, 1, 2, 5, 6, 9, 10, 13, 14 ] ],
  ordFix := 2,
  ordf := 3,
  psi := GroupHomomorphismByImages( Group( [ (1,2), (3,4,5,6,7,8,9) 
     ] ), Group( [ (1,2), (3,4,5,6,7,8,9) ] ), [ (1,2), (3,4,5,6,7,8,9) ], 
    [ (1,2), (3,5,7,9,4,6,8) ] ) ),
# No.3
rec(
  G := Group( [ (1,2), (3,4,5,6,7,8,9) ] ),
  isConnected := false,
  matrix := [ [ 1, 2, 7, 8, 13, 14, 5, 6, 11, 12, 3, 4, 9, 10 ], 
      [ 1, 2, 7, 8, 13, 14, 5, 6, 11, 12, 3, 4, 9, 10 ], 
      [ 11, 12, 3, 4, 9, 10, 1, 2, 7, 8, 13, 14, 5, 6 ], 
      [ 11, 12, 3, 4, 9, 10, 1, 2, 7, 8, 13, 14, 5, 6 ], 
      [ 7, 8, 13, 14, 5, 6, 11, 12, 3, 4, 9, 10, 1, 2 ], 
      [ 7, 8, 13, 14, 5, 6, 11, 12, 3, 4, 9, 10, 1, 2 ], 
      [ 3, 4, 9, 10, 1, 2, 7, 8, 13, 14, 5, 6, 11, 12 ], 
      [ 3, 4, 9, 10, 1, 2, 7, 8, 13, 14, 5, 6, 11, 12 ], 
      [ 13, 14, 5, 6, 11, 12, 3, 4, 9, 10, 1, 2, 7, 8 ], 
      [ 13, 14, 5, 6, 11, 12, 3, 4, 9, 10, 1, 2, 7, 8 ], 
      [ 9, 10, 1, 2, 7, 8, 13, 14, 5, 6, 11, 12, 3, 4 ], 
      [ 9, 10, 1, 2, 7, 8, 13, 14, 5, 6, 11, 12, 3, 4 ], 
      [ 5, 6, 11, 12, 3, 4, 9, 10, 1, 2, 7, 8, 13, 14 ], 
      [ 5, 6, 11, 12, 3, 4, 9, 10, 1, 2, 7, 8, 13, 14 ] ],
  ordFix := 2,
  ordf := 6,
  psi := GroupHomomorphismByImages( Group( [ (1,2), (3,4,5,6,7,8,9) 
     ] ), Group( [ (1,2), (3,4,5,6,7,8,9) ] ), [ (1,2), (3,4,5,6,7,8,9) ], 
    [ (1,2), (3,6,9,5,8,4,7) ] ) ),
# No.4
rec(
  G := Group( [ (1,2), (3,4,5,6,7,8,9) ] ),
  isConnected := false,
  matrix := [ [ 1, 2, 9, 10, 3, 4, 11, 12, 5, 6, 13, 14, 7, 8 ], 
      [ 1, 2, 9, 10, 3, 4, 11, 12, 5, 6, 13, 14, 7, 8 ], 
      [ 9, 10, 3, 4, 11, 12, 5, 6, 13, 14, 7, 8, 1, 2 ], 
      [ 9, 10, 3, 4, 11, 12, 5, 6, 13, 14, 7, 8, 1, 2 ], 
      [ 3, 4, 11, 12, 5, 6, 13, 14, 7, 8, 1, 2, 9, 10 ], 
      [ 3, 4, 11, 12, 5, 6, 13, 14, 7, 8, 1, 2, 9, 10 ], 
      [ 11, 12, 5, 6, 13, 14, 7, 8, 1, 2, 9, 10, 3, 4 ], 
      [ 11, 12, 5, 6, 13, 14, 7, 8, 1, 2, 9, 10, 3, 4 ], 
      [ 5, 6, 13, 14, 7, 8, 1, 2, 9, 10, 3, 4, 11, 12 ], 
      [ 5, 6, 13, 14, 7, 8, 1, 2, 9, 10, 3, 4, 11, 12 ], 
      [ 13, 14, 7, 8, 1, 2, 9, 10, 3, 4, 11, 12, 5, 6 ], 
      [ 13, 14, 7, 8, 1, 2, 9, 10, 3, 4, 11, 12, 5, 6 ], 
      [ 7, 8, 1, 2, 9, 10, 3, 4, 11, 12, 5, 6, 13, 14 ], 
      [ 7, 8, 1, 2, 9, 10, 3, 4, 11, 12, 5, 6, 13, 14 ] ],
  ordFix := 2,
  ordf := 3,
  psi := GroupHomomorphismByImages( Group( [ (1,2), (3,4,5,6,7,8,9) 
     ] ), Group( [ (1,2), (3,4,5,6,7,8,9) ] ), [ (1,2), (3,4,5,6,7,8,9) ], 
    [ (1,2), (3,7,4,8,5,9,6) ] ) ),
# No.5
rec(
  G := Group( [ (1,2), (3,4,5,6,7,8,9) ] ),
  isConnected := false,
  matrix := [ [ 1, 2, 11, 12, 7, 8, 3, 4, 13, 14, 9, 10, 5, 6 ], 
      [ 1, 2, 11, 12, 7, 8, 3, 4, 13, 14, 9, 10, 5, 6 ], 
      [ 7, 8, 3, 4, 13, 14, 9, 10, 5, 6, 1, 2, 11, 12 ], 
      [ 7, 8, 3, 4, 13, 14, 9, 10, 5, 6, 1, 2, 11, 12 ], 
      [ 13, 14, 9, 10, 5, 6, 1, 2, 11, 12, 7, 8, 3, 4 ], 
      [ 13, 14, 9, 10, 5, 6, 1, 2, 11, 12, 7, 8, 3, 4 ], 
      [ 5, 6, 1, 2, 11, 12, 7, 8, 3, 4, 13, 14, 9, 10 ], 
      [ 5, 6, 1, 2, 11, 12, 7, 8, 3, 4, 13, 14, 9, 10 ], 
      [ 11, 12, 7, 8, 3, 4, 13, 14, 9, 10, 5, 6, 1, 2 ], 
      [ 11, 12, 7, 8, 3, 4, 13, 14, 9, 10, 5, 6, 1, 2 ], 
      [ 3, 4, 13, 14, 9, 10, 5, 6, 1, 2, 11, 12, 7, 8 ], 
      [ 3, 4, 13, 14, 9, 10, 5, 6, 1, 2, 11, 12, 7, 8 ], 
      [ 9, 10, 5, 6, 1, 2, 11, 12, 7, 8, 3, 4, 13, 14 ], 
      [ 9, 10, 5, 6, 1, 2, 11, 12, 7, 8, 3, 4, 13, 14 ] ],
  ordFix := 2,
  ordf := 6,
  psi := GroupHomomorphismByImages( Group( [ (1,2), (3,4,5,6,7,8,9) 
     ] ), Group( [ (1,2), (3,4,5,6,7,8,9) ] ), [ (1,2), (3,4,5,6,7,8,9) ], 
    [ (1,2), (3,8,6,4,9,7,5) ] ) ),
# No.6
rec(
  G := Group( [ (1,2), (3,4,5,6,7,8,9) ] ),
  isConnected := false,
  matrix := [ [ 1, 2, 13, 14, 11, 12, 9, 10, 7, 8, 5, 6, 3, 4 ], 
      [ 1, 2, 13, 14, 11, 12, 9, 10, 7, 8, 5, 6, 3, 4 ], 
      [ 5, 6, 3, 4, 1, 2, 13, 14, 11, 12, 9, 10, 7, 8 ], 
      [ 5, 6, 3, 4, 1, 2, 13, 14, 11, 12, 9, 10, 7, 8 ], 
      [ 9, 10, 7, 8, 5, 6, 3, 4, 1, 2, 13, 14, 11, 12 ], 
      [ 9, 10, 7, 8, 5, 6, 3, 4, 1, 2, 13, 14, 11, 12 ], 
      [ 13, 14, 11, 12, 9, 10, 7, 8, 5, 6, 3, 4, 1, 2 ], 
      [ 13, 14, 11, 12, 9, 10, 7, 8, 5, 6, 3, 4, 1, 2 ], 
      [ 3, 4, 1, 2, 13, 14, 11, 12, 9, 10, 7, 8, 5, 6 ], 
      [ 3, 4, 1, 2, 13, 14, 11, 12, 9, 10, 7, 8, 5, 6 ], 
      [ 7, 8, 5, 6, 3, 4, 1, 2, 13, 14, 11, 12, 9, 10 ], 
      [ 7, 8, 5, 6, 3, 4, 1, 2, 13, 14, 11, 12, 9, 10 ], 
      [ 11, 12, 9, 10, 7, 8, 5, 6, 3, 4, 1, 2, 13, 14 ], 
      [ 11, 12, 9, 10, 7, 8, 5, 6, 3, 4, 1, 2, 13, 14 ] ],
  ordFix := 2,
  ordf := 2,
  psi := GroupHomomorphismByImages( Group( [ (1,2), (3,4,5,6,7,8,9) 
     ] ), Group( [ (1,2), (3,4,5,6,7,8,9) ] ), [ (1,2), (3,4,5,6,7,8,9) ], 
    [ (1,2), (3,9,8,7,6,5,4) ] ) ),
# No.7
rec(
  G := Group( [ (2,7)(3,6)(4,5), (1,2,3,4,5,6,7) ] ),
  isConnected := false,
  matrix := [ [ 1, 14, 3, 2, 5, 4, 7, 6, 9, 8, 11, 10, 13, 12 ], 
      [ 3, 2, 5, 4, 7, 6, 9, 8, 11, 10, 13, 12, 1, 14 ], 
      [ 1, 14, 3, 2, 5, 4, 7, 6, 9, 8, 11, 10, 13, 12 ], 
      [ 3, 2, 5, 4, 7, 6, 9, 8, 11, 10, 13, 12, 1, 14 ], 
      [ 1, 14, 3, 2, 5, 4, 7, 6, 9, 8, 11, 10, 13, 12 ], 
      [ 3, 2, 5, 4, 7, 6, 9, 8, 11, 10, 13, 12, 1, 14 ], 
      [ 1, 14, 3, 2, 5, 4, 7, 6, 9, 8, 11, 10, 13, 12 ], 
      [ 3, 2, 5, 4, 7, 6, 9, 8, 11, 10, 13, 12, 1, 14 ], 
      [ 1, 14, 3, 2, 5, 4, 7, 6, 9, 8, 11, 10, 13, 12 ], 
      [ 3, 2, 5, 4, 7, 6, 9, 8, 11, 10, 13, 12, 1, 14 ], 
      [ 1, 14, 3, 2, 5, 4, 7, 6, 9, 8, 11, 10, 13, 12 ], 
      [ 3, 2, 5, 4, 7, 6, 9, 8, 11, 10, 13, 12, 1, 14 ], 
      [ 1, 14, 3, 2, 5, 4, 7, 6, 9, 8, 11, 10, 13, 12 ], 
      [ 3, 2, 5, 4, 7, 6, 9, 8, 11, 10, 13, 12, 1, 14 ] ],
  ordFix := 7,
  ordf := 7,
  psi := GroupGeneralMappingByImages( Group( 
    [ (2,7)(3,6)(4,5), (1,2,3,4,5,6,7) ] ), Group( 
    [ (2,7)(3,6)(4,5), (1,2,3,4,5,6,7) ] ), 
    [ (2,7)(3,6)(4,5), (1,2,3,4,5,6,7) ], [ (1,7)(2,6)(3,5), (1,2,3,4,5,6,7) 
     ] ) ),
]; 
### end of file ###