# 
# computed by Jin Kosaka and Hirotake Kurihara 
# using gap 4.12.2 
# 
GAQ_12 :=
[
# No.1
rec(
  G := Group( [ (1,2,3), (4,5,6,7) ] ),
  isConnected := false,
  matrix := 
   [ [ 1, 2, 3, 4, 5, 6, 7, 8, 9, 10, 11, 12 ], 
      [ 1, 2, 3, 4, 5, 6, 7, 8, 9, 10, 11, 12 ], 
      [ 1, 2, 3, 4, 5, 6, 7, 8, 9, 10, 11, 12 ], 
      [ 1, 2, 3, 4, 5, 6, 7, 8, 9, 10, 11, 12 ], 
      [ 1, 2, 3, 4, 5, 6, 7, 8, 9, 10, 11, 12 ], 
      [ 1, 2, 3, 4, 5, 6, 7, 8, 9, 10, 11, 12 ], 
      [ 1, 2, 3, 4, 5, 6, 7, 8, 9, 10, 11, 12 ], 
      [ 1, 2, 3, 4, 5, 6, 7, 8, 9, 10, 11, 12 ], 
      [ 1, 2, 3, 4, 5, 6, 7, 8, 9, 10, 11, 12 ], 
      [ 1, 2, 3, 4, 5, 6, 7, 8, 9, 10, 11, 12 ], 
      [ 1, 2, 3, 4, 5, 6, 7, 8, 9, 10, 11, 12 ], 
      [ 1, 2, 3, 4, 5, 6, 7, 8, 9, 10, 11, 12 ] ],
  ordFix := 12,
  ordf := 1,
  psi := GroupHomomorphismByImages( Group( [ (1,2,3), (4,5,6,7) ] ), Group( 
    [ (1,2,3), (4,5,6,7) ] ), [ (1,2,3), (4,5,6,7) ], [ (1,2,3), (4,5,6,7) 
     ] ) ),
# No.2
rec(
  G := Group( [ (1,2,3), (4,5,6,7) ] ),
  isConnected := false,
  matrix := 
   [ [ 1, 6, 3, 4, 10, 2, 7, 8, 12, 5, 11, 9 ], 
      [ 4, 2, 8, 1, 5, 6, 11, 3, 9, 10, 7, 12 ], 
      [ 1, 6, 3, 4, 10, 2, 7, 8, 12, 5, 11, 9 ], 
      [ 1, 6, 3, 4, 10, 2, 7, 8, 12, 5, 11, 9 ], 
      [ 4, 2, 8, 1, 5, 6, 11, 3, 9, 10, 7, 12 ], 
      [ 4, 2, 8, 1, 5, 6, 11, 3, 9, 10, 7, 12 ], 
      [ 1, 6, 3, 4, 10, 2, 7, 8, 12, 5, 11, 9 ], 
      [ 1, 6, 3, 4, 10, 2, 7, 8, 12, 5, 11, 9 ], 
      [ 4, 2, 8, 1, 5, 6, 11, 3, 9, 10, 7, 12 ], 
      [ 4, 2, 8, 1, 5, 6, 11, 3, 9, 10, 7, 12 ], 
      [ 1, 6, 3, 4, 10, 2, 7, 8, 12, 5, 11, 9 ], 
      [ 4, 2, 8, 1, 5, 6, 11, 3, 9, 10, 7, 12 ] ],
  ordFix := 6,
  ordf := 2,
  psi := GroupHomomorphismByImages( Group( [ (1,2,3), (4,5,6,7) ] ), Group( 
    [ (1,2,3), (4,5,6,7) ] ), [ (1,2,3), (4,5,6,7) ], [ (1,2,3), (4,7,6,5) 
     ] ) ),
# No.3
rec(
  G := Group( [ (1,2,3), (4,5,6,7) ] ),
  isConnected := false,
  matrix := 
   [ [ 1, 2, 7, 4, 9, 6, 3, 11, 5, 12, 8, 10 ], 
      [ 1, 2, 7, 4, 9, 6, 3, 11, 5, 12, 8, 10 ], 
      [ 7, 9, 3, 11, 5, 12, 1, 8, 2, 10, 4, 6 ], 
      [ 1, 2, 7, 4, 9, 6, 3, 11, 5, 12, 8, 10 ], 
      [ 7, 9, 3, 11, 5, 12, 1, 8, 2, 10, 4, 6 ], 
      [ 1, 2, 7, 4, 9, 6, 3, 11, 5, 12, 8, 10 ], 
      [ 3, 5, 1, 8, 2, 10, 7, 4, 9, 6, 11, 12 ], 
      [ 7, 9, 3, 11, 5, 12, 1, 8, 2, 10, 4, 6 ], 
      [ 3, 5, 1, 8, 2, 10, 7, 4, 9, 6, 11, 12 ], 
      [ 7, 9, 3, 11, 5, 12, 1, 8, 2, 10, 4, 6 ], 
      [ 3, 5, 1, 8, 2, 10, 7, 4, 9, 6, 11, 12 ], 
      [ 3, 5, 1, 8, 2, 10, 7, 4, 9, 6, 11, 12 ] ],
  ordFix := 4,
  ordf := 2,
  psi := GroupHomomorphismByImages( Group( [ (1,2,3), (4,5,6,7) ] ), Group( 
    [ (1,2,3), (4,5,6,7) ] ), [ (1,2,3), (4,5,6,7) ], [ (1,3,2), (4,5,6,7) 
     ] ) ),
# No.4
rec(
  G := Group( [ (1,2), (3,4), (5,6,7) ] ),
  isConnected := false,
  matrix := 
   [ [ 1, 3, 5, 4, 2, 7, 9, 8, 6, 11, 12, 10 ], 
      [ 5, 2, 1, 9, 3, 6, 4, 12, 7, 10, 8, 11 ], 
      [ 2, 5, 3, 6, 1, 9, 7, 10, 4, 12, 11, 8 ], 
      [ 1, 3, 5, 4, 2, 7, 9, 8, 6, 11, 12, 10 ], 
      [ 3, 1, 2, 7, 5, 4, 6, 11, 9, 8, 10, 12 ], 
      [ 5, 2, 1, 9, 3, 6, 4, 12, 7, 10, 8, 11 ], 
      [ 2, 5, 3, 6, 1, 9, 7, 10, 4, 12, 11, 8 ], 
      [ 1, 3, 5, 4, 2, 7, 9, 8, 6, 11, 12, 10 ], 
      [ 3, 1, 2, 7, 5, 4, 6, 11, 9, 8, 10, 12 ], 
      [ 5, 2, 1, 9, 3, 6, 4, 12, 7, 10, 8, 11 ], 
      [ 2, 5, 3, 6, 1, 9, 7, 10, 4, 12, 11, 8 ], 
      [ 3, 1, 2, 7, 5, 4, 6, 11, 9, 8, 10, 12 ] ],
  ordFix := 3,
  ordf := 3,
  psi := GroupHomomorphismByImages( Group( [ (1,2), (3,4), (5,6,7) 
     ] ), Group( [ (1,2), (3,4), (5,6,7) ] ), [ (1,2), (3,4), (5,6,7) ], 
    [ (1,2)(3,4), (1,2), (5,6,7) ] ) ),
# No.5
rec(
  G := Group( [ (1,2,3), (4,5,6,7) ] ),
  isConnected := false,
  matrix := 
   [ [ 1, 6, 7, 4, 12, 2, 3, 11, 10, 9, 8, 5 ], 
      [ 4, 2, 11, 1, 9, 6, 8, 7, 5, 12, 3, 10 ], 
      [ 7, 12, 3, 11, 10, 9, 1, 8, 6, 5, 4, 2 ], 
      [ 1, 6, 7, 4, 12, 2, 3, 11, 10, 9, 8, 5 ], 
      [ 11, 9, 8, 7, 5, 12, 4, 3, 2, 10, 1, 6 ], 
      [ 4, 2, 11, 1, 9, 6, 8, 7, 5, 12, 3, 10 ], 
      [ 3, 10, 1, 8, 6, 5, 7, 4, 12, 2, 11, 9 ], 
      [ 7, 12, 3, 11, 10, 9, 1, 8, 6, 5, 4, 2 ], 
      [ 8, 5, 4, 3, 2, 10, 11, 1, 9, 6, 7, 12 ], 
      [ 11, 9, 8, 7, 5, 12, 4, 3, 2, 10, 1, 6 ], 
      [ 3, 10, 1, 8, 6, 5, 7, 4, 12, 2, 11, 9 ], 
      [ 8, 5, 4, 3, 2, 10, 11, 1, 9, 6, 7, 12 ] ],
  ordFix := 2,
  ordf := 2,
  psi := GroupHomomorphismByImages( Group( [ (1,2,3), (4,5,6,7) ] ), Group( 
    [ (1,2,3), (4,5,6,7) ] ), [ (1,2,3), (4,5,6,7) ], [ (1,3,2), (4,7,6,5) 
     ] ) ),
# No.6
rec(
  G := Group( [ (1,2), (3,4), (5,6,7) ] ),
  isConnected := true,
  matrix := 
   [ [ 1, 3, 5, 8, 2, 11, 12, 4, 10, 7, 9, 6 ], 
      [ 5, 2, 1, 12, 3, 10, 8, 9, 11, 6, 4, 7 ], 
      [ 2, 5, 3, 10, 1, 12, 11, 6, 8, 9, 7, 4 ], 
      [ 8, 11, 12, 4, 10, 7, 9, 1, 6, 3, 5, 2 ], 
      [ 3, 1, 2, 11, 5, 8, 10, 7, 12, 4, 6, 9 ], 
      [ 12, 10, 8, 9, 11, 6, 4, 5, 7, 2, 1, 3 ], 
      [ 10, 12, 11, 6, 8, 9, 7, 2, 4, 5, 3, 1 ], 
      [ 4, 7, 9, 1, 6, 3, 5, 8, 2, 11, 12, 10 ], 
      [ 11, 8, 10, 7, 12, 4, 6, 3, 9, 1, 2, 5 ], 
      [ 9, 6, 4, 5, 7, 2, 1, 12, 3, 10, 8, 11 ], 
      [ 6, 9, 7, 2, 4, 5, 3, 10, 1, 12, 11, 8 ], 
      [ 7, 4, 6, 3, 9, 1, 2, 11, 5, 8, 10, 12 ] ],
  ordFix := 1,
  ordf := 6,
  psi := GroupHomomorphismByImages( Group( [ (1,2), (3,4), (5,6,7) 
     ] ), Group( [ (1,2), (3,4), (5,6,7) ] ), [ (1,2), (3,4), (5,6,7) ], 
    [ (1,2)(3,4), (1,2), (5,7,6) ] ) ),
# No.7
rec(
  G := Group( [ (2,3)(4,5,6,7), (4,6)(5,7), (1,2,3) ] ),
  isConnected := false,
  matrix := 
   [ [ 1, 10, 3, 4, 12, 2, 7, 8, 5, 6, 11, 9 ], 
      [ 4, 2, 7, 8, 5, 6, 11, 1, 9, 10, 3, 12 ], 
      [ 1, 10, 3, 4, 12, 2, 7, 8, 5, 6, 11, 9 ], 
      [ 1, 10, 3, 4, 12, 2, 7, 8, 5, 6, 11, 9 ], 
      [ 4, 2, 7, 8, 5, 6, 11, 1, 9, 10, 3, 12 ], 
      [ 4, 2, 7, 8, 5, 6, 11, 1, 9, 10, 3, 12 ], 
      [ 1, 10, 3, 4, 12, 2, 7, 8, 5, 6, 11, 9 ], 
      [ 1, 10, 3, 4, 12, 2, 7, 8, 5, 6, 11, 9 ], 
      [ 4, 2, 7, 8, 5, 6, 11, 1, 9, 10, 3, 12 ], 
      [ 4, 2, 7, 8, 5, 6, 11, 1, 9, 10, 3, 12 ], 
      [ 1, 10, 3, 4, 12, 2, 7, 8, 5, 6, 11, 9 ], 
      [ 4, 2, 7, 8, 5, 6, 11, 1, 9, 10, 3, 12 ] ],
  ordFix := 6,
  ordf := 3,
  psi := GroupGeneralMappingByImages( Group( 
    [ (2,3)(4,5,6,7), (4,6)(5,7), (1,2,3) ] ), Group( 
    [ (2,3)(4,5,6,7), (4,6)(5,7), (1,2,3) ] ), 
    [ (2,3)(4,5,6,7), (4,6)(5,7), (1,2,3) ], 
    [ (1,3)(4,5,6,7), (4,6)(5,7), (1,2,3) ] ) ),
# No.8
rec(
  G := Group( [ (2,3)(4,5,6,7), (4,6)(5,7), (1,2,3) ] ),
  isConnected := false,
  matrix := 
   [ [ 1, 12, 3, 4, 10, 5, 7, 8, 2, 9, 11, 6 ], 
      [ 7, 2, 4, 11, 5, 6, 8, 3, 9, 10, 1, 12 ], 
      [ 1, 12, 3, 4, 10, 5, 7, 8, 2, 9, 11, 6 ], 
      [ 1, 12, 3, 4, 10, 5, 7, 8, 2, 9, 11, 6 ], 
      [ 7, 2, 4, 11, 5, 6, 8, 3, 9, 10, 1, 12 ], 
      [ 7, 2, 4, 11, 5, 6, 8, 3, 9, 10, 1, 12 ], 
      [ 1, 12, 3, 4, 10, 5, 7, 8, 2, 9, 11, 6 ], 
      [ 1, 12, 3, 4, 10, 5, 7, 8, 2, 9, 11, 6 ], 
      [ 7, 2, 4, 11, 5, 6, 8, 3, 9, 10, 1, 12 ], 
      [ 7, 2, 4, 11, 5, 6, 8, 3, 9, 10, 1, 12 ], 
      [ 1, 12, 3, 4, 10, 5, 7, 8, 2, 9, 11, 6 ], 
      [ 7, 2, 4, 11, 5, 6, 8, 3, 9, 10, 1, 12 ] ],
  ordFix := 6,
  ordf := 6,
  psi := GroupGeneralMappingByImages( Group( 
    [ (2,3)(4,5,6,7), (4,6)(5,7), (1,2,3) ] ), Group( 
    [ (2,3)(4,5,6,7), (4,6)(5,7), (1,2,3) ] ), 
    [ (2,3)(4,5,6,7), (4,6)(5,7), (1,2,3) ], 
    [ (1,3)(4,7,6,5), (4,6)(5,7), (1,2,3) ] ) ),
# No.9
rec(
  G := Group( [ (2,3,4), (1,2)(3,4), (1,3)(2,4) ] ),
  isConnected := false,
  matrix := 
   [ [ 1, 11, 3, 4, 10, 7, 6, 8, 12, 5, 2, 9 ], 
      [ 8, 2, 4, 3, 9, 6, 7, 1, 5, 12, 11, 10 ], 
      [ 1, 11, 3, 4, 10, 7, 6, 8, 12, 5, 2, 9 ], 
      [ 1, 11, 3, 4, 10, 7, 6, 8, 12, 5, 2, 9 ], 
      [ 4, 6, 8, 1, 5, 2, 11, 3, 9, 10, 7, 12 ], 
      [ 8, 2, 4, 3, 9, 6, 7, 1, 5, 12, 11, 10 ], 
      [ 8, 2, 4, 3, 9, 6, 7, 1, 5, 12, 11, 10 ], 
      [ 1, 11, 3, 4, 10, 7, 6, 8, 12, 5, 2, 9 ], 
      [ 4, 6, 8, 1, 5, 2, 11, 3, 9, 10, 7, 12 ], 
      [ 4, 6, 8, 1, 5, 2, 11, 3, 9, 10, 7, 12 ], 
      [ 8, 2, 4, 3, 9, 6, 7, 1, 5, 12, 11, 10 ], 
      [ 4, 6, 8, 1, 5, 2, 11, 3, 9, 10, 7, 12 ] ],
  ordFix := 4,
  ordf := 2,
  psi := GroupGeneralMappingByImages( Group( 
    [ (2,3,4), (1,2)(3,4), (1,3)(2,4) ] ), Group( 
    [ (2,3,4), (1,2)(3,4), (1,3)(2,4) ] ), [ (2,3,4), (1,2)(3,4), (1,3)(2,4) 
     ], [ (1,4,3), (1,2)(3,4), (1,3)(2,4) ] ) ),
# No.10
rec(
  G := Group( [ (2,3,4), (1,2)(3,4), (1,3)(2,4) ] ),
  isConnected := true,
  matrix := 
   [ [ 1, 9, 8, 4, 7, 10, 12, 3, 6, 2, 5, 11 ], 
      [ 12, 2, 9, 10, 4, 7, 6, 5, 1, 8, 11, 3 ], 
      [ 4, 12, 3, 1, 2, 5, 9, 8, 11, 7, 10, 6 ], 
      [ 1, 9, 8, 4, 7, 10, 12, 3, 6, 2, 5, 11 ], 
      [ 11, 3, 7, 2, 5, 1, 4, 6, 9, 12, 8, 10 ], 
      [ 5, 11, 10, 9, 3, 6, 7, 12, 8, 1, 2, 4 ], 
      [ 5, 11, 10, 9, 3, 6, 7, 12, 8, 1, 2, 4 ], 
      [ 4, 12, 3, 1, 2, 5, 9, 8, 11, 7, 10, 6 ], 
      [ 11, 3, 7, 2, 5, 1, 4, 6, 9, 12, 8, 10 ], 
      [ 7, 1, 11, 6, 9, 3, 8, 2, 5, 10, 4, 12 ], 
      [ 12, 2, 9, 10, 4, 7, 6, 5, 1, 8, 11, 3 ], 
      [ 7, 1, 11, 6, 9, 3, 8, 2, 5, 10, 4, 12 ] ],
  ordFix := 2,
  ordf := 4,
  psi := GroupGeneralMappingByImages( Group( 
    [ (2,3,4), (1,2)(3,4), (1,3)(2,4) ] ), Group( 
    [ (2,3,4), (1,2)(3,4), (1,3)(2,4) ] ), [ (2,3,4), (1,2)(3,4), (1,3)(2,4) 
     ], [ (1,2,3), (1,4)(2,3), (1,3)(2,4) ] ) ),
# No.11
rec(
  G := Group( [ (2,3,4), (1,2)(3,4), (1,3)(2,4) ] ),
  isConnected := true,
  matrix := 
   [ [ 1, 10, 3, 8, 11, 12, 9, 4, 7, 2, 5, 6 ], 
      [ 9, 2, 10, 12, 8, 11, 7, 5, 1, 3, 6, 4 ], 
      [ 1, 10, 3, 8, 11, 12, 9, 4, 7, 2, 5, 6 ], 
      [ 3, 12, 1, 4, 7, 10, 5, 8, 11, 6, 9, 2 ], 
      [ 6, 4, 11, 2, 5, 1, 8, 7, 10, 9, 3, 12 ], 
      [ 12, 7, 5, 9, 3, 6, 2, 10, 4, 8, 11, 1 ], 
      [ 9, 2, 10, 12, 8, 11, 7, 5, 1, 3, 6, 4 ], 
      [ 3, 12, 1, 4, 7, 10, 5, 8, 11, 6, 9, 2 ], 
      [ 7, 3, 2, 11, 12, 8, 1, 6, 9, 10, 4, 5 ], 
      [ 7, 3, 2, 11, 12, 8, 1, 6, 9, 10, 4, 5 ], 
      [ 12, 7, 5, 9, 3, 6, 2, 10, 4, 8, 11, 1 ], 
      [ 6, 4, 11, 2, 5, 1, 8, 7, 10, 9, 3, 12 ] ],
  ordFix := 2,
  ordf := 2,
  psi := GroupGeneralMappingByImages( Group( 
    [ (2,3,4), (1,2)(3,4), (1,3)(2,4) ] ), Group( 
    [ (2,3,4), (1,2)(3,4), (1,3)(2,4) ] ), [ (2,3,4), (1,2)(3,4), (1,3)(2,4) 
     ], [ (1,3,4), (1,2)(3,4), (1,4)(2,3) ] ) ),
]; 
### end of file ###