# 
# computed by Jin Kosaka and Hirotake Kurihara 
# using gap 4.12.2 
# 
GAQ_11 :=
[
# No.1
rec(
  G := Group( [ ( 1, 2, 3, 4, 5, 6, 7, 8, 9,10,11) ] ),
  isConnected := false,
  matrix := 
   [ [ 1, 2, 3, 4, 5, 6, 7, 8, 9, 10, 11 ], 
      [ 1, 2, 3, 4, 5, 6, 7, 8, 9, 10, 11 ], 
      [ 1, 2, 3, 4, 5, 6, 7, 8, 9, 10, 11 ], 
      [ 1, 2, 3, 4, 5, 6, 7, 8, 9, 10, 11 ], 
      [ 1, 2, 3, 4, 5, 6, 7, 8, 9, 10, 11 ], 
      [ 1, 2, 3, 4, 5, 6, 7, 8, 9, 10, 11 ], 
      [ 1, 2, 3, 4, 5, 6, 7, 8, 9, 10, 11 ], 
      [ 1, 2, 3, 4, 5, 6, 7, 8, 9, 10, 11 ], 
      [ 1, 2, 3, 4, 5, 6, 7, 8, 9, 10, 11 ], 
      [ 1, 2, 3, 4, 5, 6, 7, 8, 9, 10, 11 ], 
      [ 1, 2, 3, 4, 5, 6, 7, 8, 9, 10, 11 ] ],
  ordFix := 11,
  ordf := 1,
  psi := GroupHomomorphismByImages( Group( 
    [ ( 1, 2, 3, 4, 5, 6, 7, 8, 9,10,11) ] ), Group( 
    [ ( 1, 2, 3, 4, 5, 6, 7, 8, 9,10,11) ] ), 
    [ ( 1, 2, 3, 4, 5, 6, 7, 8, 9,10,11) ], 
    [ ( 1, 2, 3, 4, 5, 6, 7, 8, 9,10,11) ] ) ),
# No.2
rec(
  G := Group( [ ( 1, 2, 3, 4, 5, 6, 7, 8, 9,10,11) ] ),
  isConnected := true,
  matrix := 
   [ [ 1, 3, 5, 7, 9, 11, 2, 4, 6, 8, 10 ], 
      [ 11, 2, 4, 6, 8, 10, 1, 3, 5, 7, 9 ], 
      [ 10, 1, 3, 5, 7, 9, 11, 2, 4, 6, 8 ], 
      [ 9, 11, 2, 4, 6, 8, 10, 1, 3, 5, 7 ], 
      [ 8, 10, 1, 3, 5, 7, 9, 11, 2, 4, 6 ], 
      [ 7, 9, 11, 2, 4, 6, 8, 10, 1, 3, 5 ], 
      [ 6, 8, 10, 1, 3, 5, 7, 9, 11, 2, 4 ], 
      [ 5, 7, 9, 11, 2, 4, 6, 8, 10, 1, 3 ], 
      [ 4, 6, 8, 10, 1, 3, 5, 7, 9, 11, 2 ], 
      [ 3, 5, 7, 9, 11, 2, 4, 6, 8, 10, 1 ], 
      [ 2, 4, 6, 8, 10, 1, 3, 5, 7, 9, 11 ] ],
  ordFix := 1,
  ordf := 10,
  psi := GroupHomomorphismByImages( Group( 
    [ ( 1, 2, 3, 4, 5, 6, 7, 8, 9,10,11) ] ), Group( 
    [ ( 1, 2, 3, 4, 5, 6, 7, 8, 9,10,11) ] ), 
    [ ( 1, 2, 3, 4, 5, 6, 7, 8, 9,10,11) ], 
    [ ( 1, 3, 5, 7, 9,11, 2, 4, 6, 8,10) ] ) ),
# No.3
rec(
  G := Group( [ ( 1, 2, 3, 4, 5, 6, 7, 8, 9,10,11) ] ),
  isConnected := true,
  matrix := 
   [ [ 1, 4, 7, 10, 2, 5, 8, 11, 3, 6, 9 ], 
      [ 10, 2, 5, 8, 11, 3, 6, 9, 1, 4, 7 ], 
      [ 8, 11, 3, 6, 9, 1, 4, 7, 10, 2, 5 ], 
      [ 6, 9, 1, 4, 7, 10, 2, 5, 8, 11, 3 ], 
      [ 4, 7, 10, 2, 5, 8, 11, 3, 6, 9, 1 ], 
      [ 2, 5, 8, 11, 3, 6, 9, 1, 4, 7, 10 ], 
      [ 11, 3, 6, 9, 1, 4, 7, 10, 2, 5, 8 ], 
      [ 9, 1, 4, 7, 10, 2, 5, 8, 11, 3, 6 ], 
      [ 7, 10, 2, 5, 8, 11, 3, 6, 9, 1, 4 ], 
      [ 5, 8, 11, 3, 6, 9, 1, 4, 7, 10, 2 ], 
      [ 3, 6, 9, 1, 4, 7, 10, 2, 5, 8, 11 ] ],
  ordFix := 1,
  ordf := 5,
  psi := GroupHomomorphismByImages( Group( 
    [ ( 1, 2, 3, 4, 5, 6, 7, 8, 9,10,11) ] ), Group( 
    [ ( 1, 2, 3, 4, 5, 6, 7, 8, 9,10,11) ] ), 
    [ ( 1, 2, 3, 4, 5, 6, 7, 8, 9,10,11) ], 
    [ ( 1, 4, 7,10, 2, 5, 8,11, 3, 6, 9) ] ) ),
# No.4
rec(
  G := Group( [ ( 1, 2, 3, 4, 5, 6, 7, 8, 9,10,11) ] ),
  isConnected := true,
  matrix := 
   [ [ 1, 5, 9, 2, 6, 10, 3, 7, 11, 4, 8 ], 
      [ 9, 2, 6, 10, 3, 7, 11, 4, 8, 1, 5 ], 
      [ 6, 10, 3, 7, 11, 4, 8, 1, 5, 9, 2 ], 
      [ 3, 7, 11, 4, 8, 1, 5, 9, 2, 6, 10 ], 
      [ 11, 4, 8, 1, 5, 9, 2, 6, 10, 3, 7 ], 
      [ 8, 1, 5, 9, 2, 6, 10, 3, 7, 11, 4 ], 
      [ 5, 9, 2, 6, 10, 3, 7, 11, 4, 8, 1 ], 
      [ 2, 6, 10, 3, 7, 11, 4, 8, 1, 5, 9 ], 
      [ 10, 3, 7, 11, 4, 8, 1, 5, 9, 2, 6 ], 
      [ 7, 11, 4, 8, 1, 5, 9, 2, 6, 10, 3 ], 
      [ 4, 8, 1, 5, 9, 2, 6, 10, 3, 7, 11 ] ],
  ordFix := 1,
  ordf := 5,
  psi := GroupHomomorphismByImages( Group( 
    [ ( 1, 2, 3, 4, 5, 6, 7, 8, 9,10,11) ] ), Group( 
    [ ( 1, 2, 3, 4, 5, 6, 7, 8, 9,10,11) ] ), 
    [ ( 1, 2, 3, 4, 5, 6, 7, 8, 9,10,11) ], 
    [ ( 1, 5, 9, 2, 6,10, 3, 7,11, 4, 8) ] ) ),
# No.5
rec(
  G := Group( [ ( 1, 2, 3, 4, 5, 6, 7, 8, 9,10,11) ] ),
  isConnected := true,
  matrix := 
   [ [ 1, 6, 11, 5, 10, 4, 9, 3, 8, 2, 7 ], 
      [ 8, 2, 7, 1, 6, 11, 5, 10, 4, 9, 3 ], 
      [ 4, 9, 3, 8, 2, 7, 1, 6, 11, 5, 10 ], 
      [ 11, 5, 10, 4, 9, 3, 8, 2, 7, 1, 6 ], 
      [ 7, 1, 6, 11, 5, 10, 4, 9, 3, 8, 2 ], 
      [ 3, 8, 2, 7, 1, 6, 11, 5, 10, 4, 9 ], 
      [ 10, 4, 9, 3, 8, 2, 7, 1, 6, 11, 5 ], 
      [ 6, 11, 5, 10, 4, 9, 3, 8, 2, 7, 1 ], 
      [ 2, 7, 1, 6, 11, 5, 10, 4, 9, 3, 8 ], 
      [ 9, 3, 8, 2, 7, 1, 6, 11, 5, 10, 4 ], 
      [ 5, 10, 4, 9, 3, 8, 2, 7, 1, 6, 11 ] ],
  ordFix := 1,
  ordf := 5,
  psi := GroupHomomorphismByImages( Group( 
    [ ( 1, 2, 3, 4, 5, 6, 7, 8, 9,10,11) ] ), Group( 
    [ ( 1, 2, 3, 4, 5, 6, 7, 8, 9,10,11) ] ), 
    [ ( 1, 2, 3, 4, 5, 6, 7, 8, 9,10,11) ], 
    [ ( 1, 6,11, 5,10, 4, 9, 3, 8, 2, 7) ] ) ),
# No.6
rec(
  G := Group( [ ( 1, 2, 3, 4, 5, 6, 7, 8, 9,10,11) ] ),
  isConnected := true,
  matrix := 
   [ [ 1, 7, 2, 8, 3, 9, 4, 10, 5, 11, 6 ], 
      [ 7, 2, 8, 3, 9, 4, 10, 5, 11, 6, 1 ], 
      [ 2, 8, 3, 9, 4, 10, 5, 11, 6, 1, 7 ], 
      [ 8, 3, 9, 4, 10, 5, 11, 6, 1, 7, 2 ], 
      [ 3, 9, 4, 10, 5, 11, 6, 1, 7, 2, 8 ], 
      [ 9, 4, 10, 5, 11, 6, 1, 7, 2, 8, 3 ], 
      [ 4, 10, 5, 11, 6, 1, 7, 2, 8, 3, 9 ], 
      [ 10, 5, 11, 6, 1, 7, 2, 8, 3, 9, 4 ], 
      [ 5, 11, 6, 1, 7, 2, 8, 3, 9, 4, 10 ], 
      [ 11, 6, 1, 7, 2, 8, 3, 9, 4, 10, 5 ], 
      [ 6, 1, 7, 2, 8, 3, 9, 4, 10, 5, 11 ] ],
  ordFix := 1,
  ordf := 10,
  psi := GroupHomomorphismByImages( Group( 
    [ ( 1, 2, 3, 4, 5, 6, 7, 8, 9,10,11) ] ), Group( 
    [ ( 1, 2, 3, 4, 5, 6, 7, 8, 9,10,11) ] ), 
    [ ( 1, 2, 3, 4, 5, 6, 7, 8, 9,10,11) ], 
    [ ( 1, 7, 2, 8, 3, 9, 4,10, 5,11, 6) ] ) ),
# No.7
rec(
  G := Group( [ ( 1, 2, 3, 4, 5, 6, 7, 8, 9,10,11) ] ),
  isConnected := true,
  matrix := 
   [ [ 1, 8, 4, 11, 7, 3, 10, 6, 2, 9, 5 ], 
      [ 6, 2, 9, 5, 1, 8, 4, 11, 7, 3, 10 ], 
      [ 11, 7, 3, 10, 6, 2, 9, 5, 1, 8, 4 ], 
      [ 5, 1, 8, 4, 11, 7, 3, 10, 6, 2, 9 ], 
      [ 10, 6, 2, 9, 5, 1, 8, 4, 11, 7, 3 ], 
      [ 4, 11, 7, 3, 10, 6, 2, 9, 5, 1, 8 ], 
      [ 9, 5, 1, 8, 4, 11, 7, 3, 10, 6, 2 ], 
      [ 3, 10, 6, 2, 9, 5, 1, 8, 4, 11, 7 ], 
      [ 8, 4, 11, 7, 3, 10, 6, 2, 9, 5, 1 ], 
      [ 2, 9, 5, 1, 8, 4, 11, 7, 3, 10, 6 ], 
      [ 7, 3, 10, 6, 2, 9, 5, 1, 8, 4, 11 ] ],
  ordFix := 1,
  ordf := 10,
  psi := GroupHomomorphismByImages( Group( 
    [ ( 1, 2, 3, 4, 5, 6, 7, 8, 9,10,11) ] ), Group( 
    [ ( 1, 2, 3, 4, 5, 6, 7, 8, 9,10,11) ] ), 
    [ ( 1, 2, 3, 4, 5, 6, 7, 8, 9,10,11) ], 
    [ ( 1, 8, 4,11, 7, 3,10, 6, 2, 9, 5) ] ) ),
# No.8
rec(
  G := Group( [ ( 1, 2, 3, 4, 5, 6, 7, 8, 9,10,11) ] ),
  isConnected := true,
  matrix := 
   [ [ 1, 9, 6, 3, 11, 8, 5, 2, 10, 7, 4 ], 
      [ 5, 2, 10, 7, 4, 1, 9, 6, 3, 11, 8 ], 
      [ 9, 6, 3, 11, 8, 5, 2, 10, 7, 4, 1 ], 
      [ 2, 10, 7, 4, 1, 9, 6, 3, 11, 8, 5 ], 
      [ 6, 3, 11, 8, 5, 2, 10, 7, 4, 1, 9 ], 
      [ 10, 7, 4, 1, 9, 6, 3, 11, 8, 5, 2 ], 
      [ 3, 11, 8, 5, 2, 10, 7, 4, 1, 9, 6 ], 
      [ 7, 4, 1, 9, 6, 3, 11, 8, 5, 2, 10 ], 
      [ 11, 8, 5, 2, 10, 7, 4, 1, 9, 6, 3 ], 
      [ 4, 1, 9, 6, 3, 11, 8, 5, 2, 10, 7 ], 
      [ 8, 5, 2, 10, 7, 4, 1, 9, 6, 3, 11 ] ],
  ordFix := 1,
  ordf := 10,
  psi := GroupHomomorphismByImages( Group( 
    [ ( 1, 2, 3, 4, 5, 6, 7, 8, 9,10,11) ] ), Group( 
    [ ( 1, 2, 3, 4, 5, 6, 7, 8, 9,10,11) ] ), 
    [ ( 1, 2, 3, 4, 5, 6, 7, 8, 9,10,11) ], 
    [ ( 1, 9, 6, 3,11, 8, 5, 2,10, 7, 4) ] ) ),
# No.9
rec(
  G := Group( [ ( 1, 2, 3, 4, 5, 6, 7, 8, 9,10,11) ] ),
  isConnected := true,
  matrix := 
   [ [ 1, 10, 8, 6, 4, 2, 11, 9, 7, 5, 3 ], 
      [ 4, 2, 11, 9, 7, 5, 3, 1, 10, 8, 6 ], 
      [ 7, 5, 3, 1, 10, 8, 6, 4, 2, 11, 9 ], 
      [ 10, 8, 6, 4, 2, 11, 9, 7, 5, 3, 1 ], 
      [ 2, 11, 9, 7, 5, 3, 1, 10, 8, 6, 4 ], 
      [ 5, 3, 1, 10, 8, 6, 4, 2, 11, 9, 7 ], 
      [ 8, 6, 4, 2, 11, 9, 7, 5, 3, 1, 10 ], 
      [ 11, 9, 7, 5, 3, 1, 10, 8, 6, 4, 2 ], 
      [ 3, 1, 10, 8, 6, 4, 2, 11, 9, 7, 5 ], 
      [ 6, 4, 2, 11, 9, 7, 5, 3, 1, 10, 8 ], 
      [ 9, 7, 5, 3, 1, 10, 8, 6, 4, 2, 11 ] ],
  ordFix := 1,
  ordf := 5,
  psi := GroupHomomorphismByImages( Group( 
    [ ( 1, 2, 3, 4, 5, 6, 7, 8, 9,10,11) ] ), Group( 
    [ ( 1, 2, 3, 4, 5, 6, 7, 8, 9,10,11) ] ), 
    [ ( 1, 2, 3, 4, 5, 6, 7, 8, 9,10,11) ], 
    [ ( 1,10, 8, 6, 4, 2,11, 9, 7, 5, 3) ] ) ),
# No.10
rec(
  G := Group( [ ( 1, 2, 3, 4, 5, 6, 7, 8, 9,10,11) ] ),
  isConnected := true,
  matrix := 
   [ [ 1, 11, 10, 9, 8, 7, 6, 5, 4, 3, 2 ], 
      [ 3, 2, 1, 11, 10, 9, 8, 7, 6, 5, 4 ], 
      [ 5, 4, 3, 2, 1, 11, 10, 9, 8, 7, 6 ], 
      [ 7, 6, 5, 4, 3, 2, 1, 11, 10, 9, 8 ], 
      [ 9, 8, 7, 6, 5, 4, 3, 2, 1, 11, 10 ], 
      [ 11, 10, 9, 8, 7, 6, 5, 4, 3, 2, 1 ], 
      [ 2, 1, 11, 10, 9, 8, 7, 6, 5, 4, 3 ], 
      [ 4, 3, 2, 1, 11, 10, 9, 8, 7, 6, 5 ], 
      [ 6, 5, 4, 3, 2, 1, 11, 10, 9, 8, 7 ], 
      [ 8, 7, 6, 5, 4, 3, 2, 1, 11, 10, 9 ], 
      [ 10, 9, 8, 7, 6, 5, 4, 3, 2, 1, 11 ] ],
  ordFix := 1,
  ordf := 2,
  psi := GroupHomomorphismByImages( Group( 
    [ ( 1, 2, 3, 4, 5, 6, 7, 8, 9,10,11) ] ), Group( 
    [ ( 1, 2, 3, 4, 5, 6, 7, 8, 9,10,11) ] ), 
    [ ( 1, 2, 3, 4, 5, 6, 7, 8, 9,10,11) ], 
    [ ( 1,11,10, 9, 8, 7, 6, 5, 4, 3, 2) ] ) ),
]; 
### end of file ###