# 
# computed by Jin Kosaka and Hirotake Kurihara 
# using gap 4.12.2 
# 
GAQ_17 :=
[
# No.1
rec(
  G := Group( [ ( 1, 2, 3, 4, 5, 6, 7, 8, 9,10,11,12,13,14,15,16,17) ] ),
  isConnected := false,
  matrix := [ [ 1, 2, 3, 4, 5, 6, 7, 8, 9, 10, 11, 12, 13, 14, 15, 16, 17 ], 
      [ 1, 2, 3, 4, 5, 6, 7, 8, 9, 10, 11, 12, 13, 14, 15, 16, 17 ], 
      [ 1, 2, 3, 4, 5, 6, 7, 8, 9, 10, 11, 12, 13, 14, 15, 16, 17 ], 
      [ 1, 2, 3, 4, 5, 6, 7, 8, 9, 10, 11, 12, 13, 14, 15, 16, 17 ], 
      [ 1, 2, 3, 4, 5, 6, 7, 8, 9, 10, 11, 12, 13, 14, 15, 16, 17 ], 
      [ 1, 2, 3, 4, 5, 6, 7, 8, 9, 10, 11, 12, 13, 14, 15, 16, 17 ], 
      [ 1, 2, 3, 4, 5, 6, 7, 8, 9, 10, 11, 12, 13, 14, 15, 16, 17 ], 
      [ 1, 2, 3, 4, 5, 6, 7, 8, 9, 10, 11, 12, 13, 14, 15, 16, 17 ], 
      [ 1, 2, 3, 4, 5, 6, 7, 8, 9, 10, 11, 12, 13, 14, 15, 16, 17 ], 
      [ 1, 2, 3, 4, 5, 6, 7, 8, 9, 10, 11, 12, 13, 14, 15, 16, 17 ], 
      [ 1, 2, 3, 4, 5, 6, 7, 8, 9, 10, 11, 12, 13, 14, 15, 16, 17 ], 
      [ 1, 2, 3, 4, 5, 6, 7, 8, 9, 10, 11, 12, 13, 14, 15, 16, 17 ], 
      [ 1, 2, 3, 4, 5, 6, 7, 8, 9, 10, 11, 12, 13, 14, 15, 16, 17 ], 
      [ 1, 2, 3, 4, 5, 6, 7, 8, 9, 10, 11, 12, 13, 14, 15, 16, 17 ], 
      [ 1, 2, 3, 4, 5, 6, 7, 8, 9, 10, 11, 12, 13, 14, 15, 16, 17 ], 
      [ 1, 2, 3, 4, 5, 6, 7, 8, 9, 10, 11, 12, 13, 14, 15, 16, 17 ], 
      [ 1, 2, 3, 4, 5, 6, 7, 8, 9, 10, 11, 12, 13, 14, 15, 16, 17 ] ],
  ordFix := 17,
  ordf := 1,
  psi := GroupHomomorphismByImages( Group( 
    [ ( 1, 2, 3, 4, 5, 6, 7, 8, 9,10,11,12,13,14,15,16,17) ] ), Group( 
    [ ( 1, 2, 3, 4, 5, 6, 7, 8, 9,10,11,12,13,14,15,16,17) ] ), 
    [ ( 1, 2, 3, 4, 5, 6, 7, 8, 9,10,11,12,13,14,15,16,17) ], 
    [ ( 1, 2, 3, 4, 5, 6, 7, 8, 9,10,11,12,13,14,15,16,17) ] ) ),
# No.2
rec(
  G := Group( [ ( 1, 2, 3, 4, 5, 6, 7, 8, 9,10,11,12,13,14,15,16,17) ] ),
  isConnected := true,
  matrix := [ [ 1, 3, 5, 7, 9, 11, 13, 15, 17, 2, 4, 6, 8, 10, 12, 14, 16 ], 
      [ 17, 2, 4, 6, 8, 10, 12, 14, 16, 1, 3, 5, 7, 9, 11, 13, 15 ], 
      [ 16, 1, 3, 5, 7, 9, 11, 13, 15, 17, 2, 4, 6, 8, 10, 12, 14 ], 
      [ 15, 17, 2, 4, 6, 8, 10, 12, 14, 16, 1, 3, 5, 7, 9, 11, 13 ], 
      [ 14, 16, 1, 3, 5, 7, 9, 11, 13, 15, 17, 2, 4, 6, 8, 10, 12 ], 
      [ 13, 15, 17, 2, 4, 6, 8, 10, 12, 14, 16, 1, 3, 5, 7, 9, 11 ], 
      [ 12, 14, 16, 1, 3, 5, 7, 9, 11, 13, 15, 17, 2, 4, 6, 8, 10 ], 
      [ 11, 13, 15, 17, 2, 4, 6, 8, 10, 12, 14, 16, 1, 3, 5, 7, 9 ], 
      [ 10, 12, 14, 16, 1, 3, 5, 7, 9, 11, 13, 15, 17, 2, 4, 6, 8 ], 
      [ 9, 11, 13, 15, 17, 2, 4, 6, 8, 10, 12, 14, 16, 1, 3, 5, 7 ], 
      [ 8, 10, 12, 14, 16, 1, 3, 5, 7, 9, 11, 13, 15, 17, 2, 4, 6 ], 
      [ 7, 9, 11, 13, 15, 17, 2, 4, 6, 8, 10, 12, 14, 16, 1, 3, 5 ], 
      [ 6, 8, 10, 12, 14, 16, 1, 3, 5, 7, 9, 11, 13, 15, 17, 2, 4 ], 
      [ 5, 7, 9, 11, 13, 15, 17, 2, 4, 6, 8, 10, 12, 14, 16, 1, 3 ], 
      [ 4, 6, 8, 10, 12, 14, 16, 1, 3, 5, 7, 9, 11, 13, 15, 17, 2 ], 
      [ 3, 5, 7, 9, 11, 13, 15, 17, 2, 4, 6, 8, 10, 12, 14, 16, 1 ], 
      [ 2, 4, 6, 8, 10, 12, 14, 16, 1, 3, 5, 7, 9, 11, 13, 15, 17 ] ],
  ordFix := 1,
  ordf := 8,
  psi := GroupHomomorphismByImages( Group( 
    [ ( 1, 2, 3, 4, 5, 6, 7, 8, 9,10,11,12,13,14,15,16,17) ] ), Group( 
    [ ( 1, 2, 3, 4, 5, 6, 7, 8, 9,10,11,12,13,14,15,16,17) ] ), 
    [ ( 1, 2, 3, 4, 5, 6, 7, 8, 9,10,11,12,13,14,15,16,17) ], 
    [ ( 1, 3, 5, 7, 9,11,13,15,17, 2, 4, 6, 8,10,12,14,16) ] ) ),
# No.3
rec(
  G := Group( [ ( 1, 2, 3, 4, 5, 6, 7, 8, 9,10,11,12,13,14,15,16,17) ] ),
  isConnected := true,
  matrix := [ [ 1, 4, 7, 10, 13, 16, 2, 5, 8, 11, 14, 17, 3, 6, 9, 12, 15 ], 
      [ 16, 2, 5, 8, 11, 14, 17, 3, 6, 9, 12, 15, 1, 4, 7, 10, 13 ], 
      [ 14, 17, 3, 6, 9, 12, 15, 1, 4, 7, 10, 13, 16, 2, 5, 8, 11 ], 
      [ 12, 15, 1, 4, 7, 10, 13, 16, 2, 5, 8, 11, 14, 17, 3, 6, 9 ], 
      [ 10, 13, 16, 2, 5, 8, 11, 14, 17, 3, 6, 9, 12, 15, 1, 4, 7 ], 
      [ 8, 11, 14, 17, 3, 6, 9, 12, 15, 1, 4, 7, 10, 13, 16, 2, 5 ], 
      [ 6, 9, 12, 15, 1, 4, 7, 10, 13, 16, 2, 5, 8, 11, 14, 17, 3 ], 
      [ 4, 7, 10, 13, 16, 2, 5, 8, 11, 14, 17, 3, 6, 9, 12, 15, 1 ], 
      [ 2, 5, 8, 11, 14, 17, 3, 6, 9, 12, 15, 1, 4, 7, 10, 13, 16 ], 
      [ 17, 3, 6, 9, 12, 15, 1, 4, 7, 10, 13, 16, 2, 5, 8, 11, 14 ], 
      [ 15, 1, 4, 7, 10, 13, 16, 2, 5, 8, 11, 14, 17, 3, 6, 9, 12 ], 
      [ 13, 16, 2, 5, 8, 11, 14, 17, 3, 6, 9, 12, 15, 1, 4, 7, 10 ], 
      [ 11, 14, 17, 3, 6, 9, 12, 15, 1, 4, 7, 10, 13, 16, 2, 5, 8 ], 
      [ 9, 12, 15, 1, 4, 7, 10, 13, 16, 2, 5, 8, 11, 14, 17, 3, 6 ], 
      [ 7, 10, 13, 16, 2, 5, 8, 11, 14, 17, 3, 6, 9, 12, 15, 1, 4 ], 
      [ 5, 8, 11, 14, 17, 3, 6, 9, 12, 15, 1, 4, 7, 10, 13, 16, 2 ], 
      [ 3, 6, 9, 12, 15, 1, 4, 7, 10, 13, 16, 2, 5, 8, 11, 14, 17 ] ],
  ordFix := 1,
  ordf := 16,
  psi := GroupHomomorphismByImages( Group( 
    [ ( 1, 2, 3, 4, 5, 6, 7, 8, 9,10,11,12,13,14,15,16,17) ] ), Group( 
    [ ( 1, 2, 3, 4, 5, 6, 7, 8, 9,10,11,12,13,14,15,16,17) ] ), 
    [ ( 1, 2, 3, 4, 5, 6, 7, 8, 9,10,11,12,13,14,15,16,17) ], 
    [ ( 1, 4, 7,10,13,16, 2, 5, 8,11,14,17, 3, 6, 9,12,15) ] ) ),
# No.4
rec(
  G := Group( [ ( 1, 2, 3, 4, 5, 6, 7, 8, 9,10,11,12,13,14,15,16,17) ] ),
  isConnected := true,
  matrix := [ [ 1, 5, 9, 13, 17, 4, 8, 12, 16, 3, 7, 11, 15, 2, 6, 10, 14 ], 
      [ 15, 2, 6, 10, 14, 1, 5, 9, 13, 17, 4, 8, 12, 16, 3, 7, 11 ], 
      [ 12, 16, 3, 7, 11, 15, 2, 6, 10, 14, 1, 5, 9, 13, 17, 4, 8 ], 
      [ 9, 13, 17, 4, 8, 12, 16, 3, 7, 11, 15, 2, 6, 10, 14, 1, 5 ], 
      [ 6, 10, 14, 1, 5, 9, 13, 17, 4, 8, 12, 16, 3, 7, 11, 15, 2 ], 
      [ 3, 7, 11, 15, 2, 6, 10, 14, 1, 5, 9, 13, 17, 4, 8, 12, 16 ], 
      [ 17, 4, 8, 12, 16, 3, 7, 11, 15, 2, 6, 10, 14, 1, 5, 9, 13 ], 
      [ 14, 1, 5, 9, 13, 17, 4, 8, 12, 16, 3, 7, 11, 15, 2, 6, 10 ], 
      [ 11, 15, 2, 6, 10, 14, 1, 5, 9, 13, 17, 4, 8, 12, 16, 3, 7 ], 
      [ 8, 12, 16, 3, 7, 11, 15, 2, 6, 10, 14, 1, 5, 9, 13, 17, 4 ], 
      [ 5, 9, 13, 17, 4, 8, 12, 16, 3, 7, 11, 15, 2, 6, 10, 14, 1 ], 
      [ 2, 6, 10, 14, 1, 5, 9, 13, 17, 4, 8, 12, 16, 3, 7, 11, 15 ], 
      [ 16, 3, 7, 11, 15, 2, 6, 10, 14, 1, 5, 9, 13, 17, 4, 8, 12 ], 
      [ 13, 17, 4, 8, 12, 16, 3, 7, 11, 15, 2, 6, 10, 14, 1, 5, 9 ], 
      [ 10, 14, 1, 5, 9, 13, 17, 4, 8, 12, 16, 3, 7, 11, 15, 2, 6 ], 
      [ 7, 11, 15, 2, 6, 10, 14, 1, 5, 9, 13, 17, 4, 8, 12, 16, 3 ], 
      [ 4, 8, 12, 16, 3, 7, 11, 15, 2, 6, 10, 14, 1, 5, 9, 13, 17 ] ],
  ordFix := 1,
  ordf := 4,
  psi := GroupHomomorphismByImages( Group( 
    [ ( 1, 2, 3, 4, 5, 6, 7, 8, 9,10,11,12,13,14,15,16,17) ] ), Group( 
    [ ( 1, 2, 3, 4, 5, 6, 7, 8, 9,10,11,12,13,14,15,16,17) ] ), 
    [ ( 1, 2, 3, 4, 5, 6, 7, 8, 9,10,11,12,13,14,15,16,17) ], 
    [ ( 1, 5, 9,13,17, 4, 8,12,16, 3, 7,11,15, 2, 6,10,14) ] ) ),
# No.5
rec(
  G := Group( [ ( 1, 2, 3, 4, 5, 6, 7, 8, 9,10,11,12,13,14,15,16,17) ] ),
  isConnected := true,
  matrix := [ [ 1, 6, 11, 16, 4, 9, 14, 2, 7, 12, 17, 5, 10, 15, 3, 8, 13 ], 
      [ 14, 2, 7, 12, 17, 5, 10, 15, 3, 8, 13, 1, 6, 11, 16, 4, 9 ], 
      [ 10, 15, 3, 8, 13, 1, 6, 11, 16, 4, 9, 14, 2, 7, 12, 17, 5 ], 
      [ 6, 11, 16, 4, 9, 14, 2, 7, 12, 17, 5, 10, 15, 3, 8, 13, 1 ], 
      [ 2, 7, 12, 17, 5, 10, 15, 3, 8, 13, 1, 6, 11, 16, 4, 9, 14 ], 
      [ 15, 3, 8, 13, 1, 6, 11, 16, 4, 9, 14, 2, 7, 12, 17, 5, 10 ], 
      [ 11, 16, 4, 9, 14, 2, 7, 12, 17, 5, 10, 15, 3, 8, 13, 1, 6 ], 
      [ 7, 12, 17, 5, 10, 15, 3, 8, 13, 1, 6, 11, 16, 4, 9, 14, 2 ], 
      [ 3, 8, 13, 1, 6, 11, 16, 4, 9, 14, 2, 7, 12, 17, 5, 10, 15 ], 
      [ 16, 4, 9, 14, 2, 7, 12, 17, 5, 10, 15, 3, 8, 13, 1, 6, 11 ], 
      [ 12, 17, 5, 10, 15, 3, 8, 13, 1, 6, 11, 16, 4, 9, 14, 2, 7 ], 
      [ 8, 13, 1, 6, 11, 16, 4, 9, 14, 2, 7, 12, 17, 5, 10, 15, 3 ], 
      [ 4, 9, 14, 2, 7, 12, 17, 5, 10, 15, 3, 8, 13, 1, 6, 11, 16 ], 
      [ 17, 5, 10, 15, 3, 8, 13, 1, 6, 11, 16, 4, 9, 14, 2, 7, 12 ], 
      [ 13, 1, 6, 11, 16, 4, 9, 14, 2, 7, 12, 17, 5, 10, 15, 3, 8 ], 
      [ 9, 14, 2, 7, 12, 17, 5, 10, 15, 3, 8, 13, 1, 6, 11, 16, 4 ], 
      [ 5, 10, 15, 3, 8, 13, 1, 6, 11, 16, 4, 9, 14, 2, 7, 12, 17 ] ],
  ordFix := 1,
  ordf := 16,
  psi := GroupHomomorphismByImages( Group( 
    [ ( 1, 2, 3, 4, 5, 6, 7, 8, 9,10,11,12,13,14,15,16,17) ] ), Group( 
    [ ( 1, 2, 3, 4, 5, 6, 7, 8, 9,10,11,12,13,14,15,16,17) ] ), 
    [ ( 1, 2, 3, 4, 5, 6, 7, 8, 9,10,11,12,13,14,15,16,17) ], 
    [ ( 1, 6,11,16, 4, 9,14, 2, 7,12,17, 5,10,15, 3, 8,13) ] ) ),
# No.6
rec(
  G := Group( [ ( 1, 2, 3, 4, 5, 6, 7, 8, 9,10,11,12,13,14,15,16,17) ] ),
  isConnected := true,
  matrix := [ [ 1, 7, 13, 2, 8, 14, 3, 9, 15, 4, 10, 16, 5, 11, 17, 6, 12 ], 
      [ 13, 2, 8, 14, 3, 9, 15, 4, 10, 16, 5, 11, 17, 6, 12, 1, 7 ], 
      [ 8, 14, 3, 9, 15, 4, 10, 16, 5, 11, 17, 6, 12, 1, 7, 13, 2 ], 
      [ 3, 9, 15, 4, 10, 16, 5, 11, 17, 6, 12, 1, 7, 13, 2, 8, 14 ], 
      [ 15, 4, 10, 16, 5, 11, 17, 6, 12, 1, 7, 13, 2, 8, 14, 3, 9 ], 
      [ 10, 16, 5, 11, 17, 6, 12, 1, 7, 13, 2, 8, 14, 3, 9, 15, 4 ], 
      [ 5, 11, 17, 6, 12, 1, 7, 13, 2, 8, 14, 3, 9, 15, 4, 10, 16 ], 
      [ 17, 6, 12, 1, 7, 13, 2, 8, 14, 3, 9, 15, 4, 10, 16, 5, 11 ], 
      [ 12, 1, 7, 13, 2, 8, 14, 3, 9, 15, 4, 10, 16, 5, 11, 17, 6 ], 
      [ 7, 13, 2, 8, 14, 3, 9, 15, 4, 10, 16, 5, 11, 17, 6, 12, 1 ], 
      [ 2, 8, 14, 3, 9, 15, 4, 10, 16, 5, 11, 17, 6, 12, 1, 7, 13 ], 
      [ 14, 3, 9, 15, 4, 10, 16, 5, 11, 17, 6, 12, 1, 7, 13, 2, 8 ], 
      [ 9, 15, 4, 10, 16, 5, 11, 17, 6, 12, 1, 7, 13, 2, 8, 14, 3 ], 
      [ 4, 10, 16, 5, 11, 17, 6, 12, 1, 7, 13, 2, 8, 14, 3, 9, 15 ], 
      [ 16, 5, 11, 17, 6, 12, 1, 7, 13, 2, 8, 14, 3, 9, 15, 4, 10 ], 
      [ 11, 17, 6, 12, 1, 7, 13, 2, 8, 14, 3, 9, 15, 4, 10, 16, 5 ], 
      [ 6, 12, 1, 7, 13, 2, 8, 14, 3, 9, 15, 4, 10, 16, 5, 11, 17 ] ],
  ordFix := 1,
  ordf := 16,
  psi := GroupHomomorphismByImages( Group( 
    [ ( 1, 2, 3, 4, 5, 6, 7, 8, 9,10,11,12,13,14,15,16,17) ] ), Group( 
    [ ( 1, 2, 3, 4, 5, 6, 7, 8, 9,10,11,12,13,14,15,16,17) ] ), 
    [ ( 1, 2, 3, 4, 5, 6, 7, 8, 9,10,11,12,13,14,15,16,17) ], 
    [ ( 1, 7,13, 2, 8,14, 3, 9,15, 4,10,16, 5,11,17, 6,12) ] ) ),
# No.7
rec(
  G := Group( [ ( 1, 2, 3, 4, 5, 6, 7, 8, 9,10,11,12,13,14,15,16,17) ] ),
  isConnected := true,
  matrix := [ [ 1, 8, 15, 5, 12, 2, 9, 16, 6, 13, 3, 10, 17, 7, 14, 4, 11 ], 
      [ 12, 2, 9, 16, 6, 13, 3, 10, 17, 7, 14, 4, 11, 1, 8, 15, 5 ], 
      [ 6, 13, 3, 10, 17, 7, 14, 4, 11, 1, 8, 15, 5, 12, 2, 9, 16 ], 
      [ 17, 7, 14, 4, 11, 1, 8, 15, 5, 12, 2, 9, 16, 6, 13, 3, 10 ], 
      [ 11, 1, 8, 15, 5, 12, 2, 9, 16, 6, 13, 3, 10, 17, 7, 14, 4 ], 
      [ 5, 12, 2, 9, 16, 6, 13, 3, 10, 17, 7, 14, 4, 11, 1, 8, 15 ], 
      [ 16, 6, 13, 3, 10, 17, 7, 14, 4, 11, 1, 8, 15, 5, 12, 2, 9 ], 
      [ 10, 17, 7, 14, 4, 11, 1, 8, 15, 5, 12, 2, 9, 16, 6, 13, 3 ], 
      [ 4, 11, 1, 8, 15, 5, 12, 2, 9, 16, 6, 13, 3, 10, 17, 7, 14 ], 
      [ 15, 5, 12, 2, 9, 16, 6, 13, 3, 10, 17, 7, 14, 4, 11, 1, 8 ], 
      [ 9, 16, 6, 13, 3, 10, 17, 7, 14, 4, 11, 1, 8, 15, 5, 12, 2 ], 
      [ 3, 10, 17, 7, 14, 4, 11, 1, 8, 15, 5, 12, 2, 9, 16, 6, 13 ], 
      [ 14, 4, 11, 1, 8, 15, 5, 12, 2, 9, 16, 6, 13, 3, 10, 17, 7 ], 
      [ 8, 15, 5, 12, 2, 9, 16, 6, 13, 3, 10, 17, 7, 14, 4, 11, 1 ], 
      [ 2, 9, 16, 6, 13, 3, 10, 17, 7, 14, 4, 11, 1, 8, 15, 5, 12 ], 
      [ 13, 3, 10, 17, 7, 14, 4, 11, 1, 8, 15, 5, 12, 2, 9, 16, 6 ], 
      [ 7, 14, 4, 11, 1, 8, 15, 5, 12, 2, 9, 16, 6, 13, 3, 10, 17 ] ],
  ordFix := 1,
  ordf := 16,
  psi := GroupHomomorphismByImages( Group( 
    [ ( 1, 2, 3, 4, 5, 6, 7, 8, 9,10,11,12,13,14,15,16,17) ] ), Group( 
    [ ( 1, 2, 3, 4, 5, 6, 7, 8, 9,10,11,12,13,14,15,16,17) ] ), 
    [ ( 1, 2, 3, 4, 5, 6, 7, 8, 9,10,11,12,13,14,15,16,17) ], 
    [ ( 1, 8,15, 5,12, 2, 9,16, 6,13, 3,10,17, 7,14, 4,11) ] ) ),
# No.8
rec(
  G := Group( [ ( 1, 2, 3, 4, 5, 6, 7, 8, 9,10,11,12,13,14,15,16,17) ] ),
  isConnected := true,
  matrix := [ [ 1, 9, 17, 8, 16, 7, 15, 6, 14, 5, 13, 4, 12, 3, 11, 2, 10 ], 
      [ 11, 2, 10, 1, 9, 17, 8, 16, 7, 15, 6, 14, 5, 13, 4, 12, 3 ], 
      [ 4, 12, 3, 11, 2, 10, 1, 9, 17, 8, 16, 7, 15, 6, 14, 5, 13 ], 
      [ 14, 5, 13, 4, 12, 3, 11, 2, 10, 1, 9, 17, 8, 16, 7, 15, 6 ], 
      [ 7, 15, 6, 14, 5, 13, 4, 12, 3, 11, 2, 10, 1, 9, 17, 8, 16 ], 
      [ 17, 8, 16, 7, 15, 6, 14, 5, 13, 4, 12, 3, 11, 2, 10, 1, 9 ], 
      [ 10, 1, 9, 17, 8, 16, 7, 15, 6, 14, 5, 13, 4, 12, 3, 11, 2 ], 
      [ 3, 11, 2, 10, 1, 9, 17, 8, 16, 7, 15, 6, 14, 5, 13, 4, 12 ], 
      [ 13, 4, 12, 3, 11, 2, 10, 1, 9, 17, 8, 16, 7, 15, 6, 14, 5 ], 
      [ 6, 14, 5, 13, 4, 12, 3, 11, 2, 10, 1, 9, 17, 8, 16, 7, 15 ], 
      [ 16, 7, 15, 6, 14, 5, 13, 4, 12, 3, 11, 2, 10, 1, 9, 17, 8 ], 
      [ 9, 17, 8, 16, 7, 15, 6, 14, 5, 13, 4, 12, 3, 11, 2, 10, 1 ], 
      [ 2, 10, 1, 9, 17, 8, 16, 7, 15, 6, 14, 5, 13, 4, 12, 3, 11 ], 
      [ 12, 3, 11, 2, 10, 1, 9, 17, 8, 16, 7, 15, 6, 14, 5, 13, 4 ], 
      [ 5, 13, 4, 12, 3, 11, 2, 10, 1, 9, 17, 8, 16, 7, 15, 6, 14 ], 
      [ 15, 6, 14, 5, 13, 4, 12, 3, 11, 2, 10, 1, 9, 17, 8, 16, 7 ], 
      [ 8, 16, 7, 15, 6, 14, 5, 13, 4, 12, 3, 11, 2, 10, 1, 9, 17 ] ],
  ordFix := 1,
  ordf := 8,
  psi := GroupHomomorphismByImages( Group( 
    [ ( 1, 2, 3, 4, 5, 6, 7, 8, 9,10,11,12,13,14,15,16,17) ] ), Group( 
    [ ( 1, 2, 3, 4, 5, 6, 7, 8, 9,10,11,12,13,14,15,16,17) ] ), 
    [ ( 1, 2, 3, 4, 5, 6, 7, 8, 9,10,11,12,13,14,15,16,17) ], 
    [ ( 1, 9,17, 8,16, 7,15, 6,14, 5,13, 4,12, 3,11, 2,10) ] ) ),
# No.9
rec(
  G := Group( [ ( 1, 2, 3, 4, 5, 6, 7, 8, 9,10,11,12,13,14,15,16,17) ] ),
  isConnected := true,
  matrix := [ [ 1, 10, 2, 11, 3, 12, 4, 13, 5, 14, 6, 15, 7, 16, 8, 17, 9 ], 
      [ 10, 2, 11, 3, 12, 4, 13, 5, 14, 6, 15, 7, 16, 8, 17, 9, 1 ], 
      [ 2, 11, 3, 12, 4, 13, 5, 14, 6, 15, 7, 16, 8, 17, 9, 1, 10 ], 
      [ 11, 3, 12, 4, 13, 5, 14, 6, 15, 7, 16, 8, 17, 9, 1, 10, 2 ], 
      [ 3, 12, 4, 13, 5, 14, 6, 15, 7, 16, 8, 17, 9, 1, 10, 2, 11 ], 
      [ 12, 4, 13, 5, 14, 6, 15, 7, 16, 8, 17, 9, 1, 10, 2, 11, 3 ], 
      [ 4, 13, 5, 14, 6, 15, 7, 16, 8, 17, 9, 1, 10, 2, 11, 3, 12 ], 
      [ 13, 5, 14, 6, 15, 7, 16, 8, 17, 9, 1, 10, 2, 11, 3, 12, 4 ], 
      [ 5, 14, 6, 15, 7, 16, 8, 17, 9, 1, 10, 2, 11, 3, 12, 4, 13 ], 
      [ 14, 6, 15, 7, 16, 8, 17, 9, 1, 10, 2, 11, 3, 12, 4, 13, 5 ], 
      [ 6, 15, 7, 16, 8, 17, 9, 1, 10, 2, 11, 3, 12, 4, 13, 5, 14 ], 
      [ 15, 7, 16, 8, 17, 9, 1, 10, 2, 11, 3, 12, 4, 13, 5, 14, 6 ], 
      [ 7, 16, 8, 17, 9, 1, 10, 2, 11, 3, 12, 4, 13, 5, 14, 6, 15 ], 
      [ 16, 8, 17, 9, 1, 10, 2, 11, 3, 12, 4, 13, 5, 14, 6, 15, 7 ], 
      [ 8, 17, 9, 1, 10, 2, 11, 3, 12, 4, 13, 5, 14, 6, 15, 7, 16 ], 
      [ 17, 9, 1, 10, 2, 11, 3, 12, 4, 13, 5, 14, 6, 15, 7, 16, 8 ], 
      [ 9, 1, 10, 2, 11, 3, 12, 4, 13, 5, 14, 6, 15, 7, 16, 8, 17 ] ],
  ordFix := 1,
  ordf := 8,
  psi := GroupHomomorphismByImages( Group( 
    [ ( 1, 2, 3, 4, 5, 6, 7, 8, 9,10,11,12,13,14,15,16,17) ] ), Group( 
    [ ( 1, 2, 3, 4, 5, 6, 7, 8, 9,10,11,12,13,14,15,16,17) ] ), 
    [ ( 1, 2, 3, 4, 5, 6, 7, 8, 9,10,11,12,13,14,15,16,17) ], 
    [ ( 1,10, 2,11, 3,12, 4,13, 5,14, 6,15, 7,16, 8,17, 9) ] ) ),
# No.10
rec(
  G := Group( [ ( 1, 2, 3, 4, 5, 6, 7, 8, 9,10,11,12,13,14,15,16,17) ] ),
  isConnected := true,
  matrix := [ [ 1, 11, 4, 14, 7, 17, 10, 3, 13, 6, 16, 9, 2, 12, 5, 15, 8 ], 
      [ 9, 2, 12, 5, 15, 8, 1, 11, 4, 14, 7, 17, 10, 3, 13, 6, 16 ], 
      [ 17, 10, 3, 13, 6, 16, 9, 2, 12, 5, 15, 8, 1, 11, 4, 14, 7 ], 
      [ 8, 1, 11, 4, 14, 7, 17, 10, 3, 13, 6, 16, 9, 2, 12, 5, 15 ], 
      [ 16, 9, 2, 12, 5, 15, 8, 1, 11, 4, 14, 7, 17, 10, 3, 13, 6 ], 
      [ 7, 17, 10, 3, 13, 6, 16, 9, 2, 12, 5, 15, 8, 1, 11, 4, 14 ], 
      [ 15, 8, 1, 11, 4, 14, 7, 17, 10, 3, 13, 6, 16, 9, 2, 12, 5 ], 
      [ 6, 16, 9, 2, 12, 5, 15, 8, 1, 11, 4, 14, 7, 17, 10, 3, 13 ], 
      [ 14, 7, 17, 10, 3, 13, 6, 16, 9, 2, 12, 5, 15, 8, 1, 11, 4 ], 
      [ 5, 15, 8, 1, 11, 4, 14, 7, 17, 10, 3, 13, 6, 16, 9, 2, 12 ], 
      [ 13, 6, 16, 9, 2, 12, 5, 15, 8, 1, 11, 4, 14, 7, 17, 10, 3 ], 
      [ 4, 14, 7, 17, 10, 3, 13, 6, 16, 9, 2, 12, 5, 15, 8, 1, 11 ], 
      [ 12, 5, 15, 8, 1, 11, 4, 14, 7, 17, 10, 3, 13, 6, 16, 9, 2 ], 
      [ 3, 13, 6, 16, 9, 2, 12, 5, 15, 8, 1, 11, 4, 14, 7, 17, 10 ], 
      [ 11, 4, 14, 7, 17, 10, 3, 13, 6, 16, 9, 2, 12, 5, 15, 8, 1 ], 
      [ 2, 12, 5, 15, 8, 1, 11, 4, 14, 7, 17, 10, 3, 13, 6, 16, 9 ], 
      [ 10, 3, 13, 6, 16, 9, 2, 12, 5, 15, 8, 1, 11, 4, 14, 7, 17 ] ],
  ordFix := 1,
  ordf := 16,
  psi := GroupHomomorphismByImages( Group( 
    [ ( 1, 2, 3, 4, 5, 6, 7, 8, 9,10,11,12,13,14,15,16,17) ] ), Group( 
    [ ( 1, 2, 3, 4, 5, 6, 7, 8, 9,10,11,12,13,14,15,16,17) ] ), 
    [ ( 1, 2, 3, 4, 5, 6, 7, 8, 9,10,11,12,13,14,15,16,17) ], 
    [ ( 1,11, 4,14, 7,17,10, 3,13, 6,16, 9, 2,12, 5,15, 8) ] ) ),
# No.11
rec(
  G := Group( [ ( 1, 2, 3, 4, 5, 6, 7, 8, 9,10,11,12,13,14,15,16,17) ] ),
  isConnected := true,
  matrix := [ [ 1, 12, 6, 17, 11, 5, 16, 10, 4, 15, 9, 3, 14, 8, 2, 13, 7 ], 
      [ 8, 2, 13, 7, 1, 12, 6, 17, 11, 5, 16, 10, 4, 15, 9, 3, 14 ], 
      [ 15, 9, 3, 14, 8, 2, 13, 7, 1, 12, 6, 17, 11, 5, 16, 10, 4 ], 
      [ 5, 16, 10, 4, 15, 9, 3, 14, 8, 2, 13, 7, 1, 12, 6, 17, 11 ], 
      [ 12, 6, 17, 11, 5, 16, 10, 4, 15, 9, 3, 14, 8, 2, 13, 7, 1 ], 
      [ 2, 13, 7, 1, 12, 6, 17, 11, 5, 16, 10, 4, 15, 9, 3, 14, 8 ], 
      [ 9, 3, 14, 8, 2, 13, 7, 1, 12, 6, 17, 11, 5, 16, 10, 4, 15 ], 
      [ 16, 10, 4, 15, 9, 3, 14, 8, 2, 13, 7, 1, 12, 6, 17, 11, 5 ], 
      [ 6, 17, 11, 5, 16, 10, 4, 15, 9, 3, 14, 8, 2, 13, 7, 1, 12 ], 
      [ 13, 7, 1, 12, 6, 17, 11, 5, 16, 10, 4, 15, 9, 3, 14, 8, 2 ], 
      [ 3, 14, 8, 2, 13, 7, 1, 12, 6, 17, 11, 5, 16, 10, 4, 15, 9 ], 
      [ 10, 4, 15, 9, 3, 14, 8, 2, 13, 7, 1, 12, 6, 17, 11, 5, 16 ], 
      [ 17, 11, 5, 16, 10, 4, 15, 9, 3, 14, 8, 2, 13, 7, 1, 12, 6 ], 
      [ 7, 1, 12, 6, 17, 11, 5, 16, 10, 4, 15, 9, 3, 14, 8, 2, 13 ], 
      [ 14, 8, 2, 13, 7, 1, 12, 6, 17, 11, 5, 16, 10, 4, 15, 9, 3 ], 
      [ 4, 15, 9, 3, 14, 8, 2, 13, 7, 1, 12, 6, 17, 11, 5, 16, 10 ], 
      [ 11, 5, 16, 10, 4, 15, 9, 3, 14, 8, 2, 13, 7, 1, 12, 6, 17 ] ],
  ordFix := 1,
  ordf := 16,
  psi := GroupHomomorphismByImages( Group( 
    [ ( 1, 2, 3, 4, 5, 6, 7, 8, 9,10,11,12,13,14,15,16,17) ] ), Group( 
    [ ( 1, 2, 3, 4, 5, 6, 7, 8, 9,10,11,12,13,14,15,16,17) ] ), 
    [ ( 1, 2, 3, 4, 5, 6, 7, 8, 9,10,11,12,13,14,15,16,17) ], 
    [ ( 1,12, 6,17,11, 5,16,10, 4,15, 9, 3,14, 8, 2,13, 7) ] ) ),
# No.12
rec(
  G := Group( [ ( 1, 2, 3, 4, 5, 6, 7, 8, 9,10,11,12,13,14,15,16,17) ] ),
  isConnected := true,
  matrix := [ [ 1, 13, 8, 3, 15, 10, 5, 17, 12, 7, 2, 14, 9, 4, 16, 11, 6 ], 
      [ 7, 2, 14, 9, 4, 16, 11, 6, 1, 13, 8, 3, 15, 10, 5, 17, 12 ], 
      [ 13, 8, 3, 15, 10, 5, 17, 12, 7, 2, 14, 9, 4, 16, 11, 6, 1 ], 
      [ 2, 14, 9, 4, 16, 11, 6, 1, 13, 8, 3, 15, 10, 5, 17, 12, 7 ], 
      [ 8, 3, 15, 10, 5, 17, 12, 7, 2, 14, 9, 4, 16, 11, 6, 1, 13 ], 
      [ 14, 9, 4, 16, 11, 6, 1, 13, 8, 3, 15, 10, 5, 17, 12, 7, 2 ], 
      [ 3, 15, 10, 5, 17, 12, 7, 2, 14, 9, 4, 16, 11, 6, 1, 13, 8 ], 
      [ 9, 4, 16, 11, 6, 1, 13, 8, 3, 15, 10, 5, 17, 12, 7, 2, 14 ], 
      [ 15, 10, 5, 17, 12, 7, 2, 14, 9, 4, 16, 11, 6, 1, 13, 8, 3 ], 
      [ 4, 16, 11, 6, 1, 13, 8, 3, 15, 10, 5, 17, 12, 7, 2, 14, 9 ], 
      [ 10, 5, 17, 12, 7, 2, 14, 9, 4, 16, 11, 6, 1, 13, 8, 3, 15 ], 
      [ 16, 11, 6, 1, 13, 8, 3, 15, 10, 5, 17, 12, 7, 2, 14, 9, 4 ], 
      [ 5, 17, 12, 7, 2, 14, 9, 4, 16, 11, 6, 1, 13, 8, 3, 15, 10 ], 
      [ 11, 6, 1, 13, 8, 3, 15, 10, 5, 17, 12, 7, 2, 14, 9, 4, 16 ], 
      [ 17, 12, 7, 2, 14, 9, 4, 16, 11, 6, 1, 13, 8, 3, 15, 10, 5 ], 
      [ 6, 1, 13, 8, 3, 15, 10, 5, 17, 12, 7, 2, 14, 9, 4, 16, 11 ], 
      [ 12, 7, 2, 14, 9, 4, 16, 11, 6, 1, 13, 8, 3, 15, 10, 5, 17 ] ],
  ordFix := 1,
  ordf := 16,
  psi := GroupHomomorphismByImages( Group( 
    [ ( 1, 2, 3, 4, 5, 6, 7, 8, 9,10,11,12,13,14,15,16,17) ] ), Group( 
    [ ( 1, 2, 3, 4, 5, 6, 7, 8, 9,10,11,12,13,14,15,16,17) ] ), 
    [ ( 1, 2, 3, 4, 5, 6, 7, 8, 9,10,11,12,13,14,15,16,17) ], 
    [ ( 1,13, 8, 3,15,10, 5,17,12, 7, 2,14, 9, 4,16,11, 6) ] ) ),
# No.13
rec(
  G := Group( [ ( 1, 2, 3, 4, 5, 6, 7, 8, 9,10,11,12,13,14,15,16,17) ] ),
  isConnected := true,
  matrix := [ [ 1, 14, 10, 6, 2, 15, 11, 7, 3, 16, 12, 8, 4, 17, 13, 9, 5 ], 
      [ 6, 2, 15, 11, 7, 3, 16, 12, 8, 4, 17, 13, 9, 5, 1, 14, 10 ], 
      [ 11, 7, 3, 16, 12, 8, 4, 17, 13, 9, 5, 1, 14, 10, 6, 2, 15 ], 
      [ 16, 12, 8, 4, 17, 13, 9, 5, 1, 14, 10, 6, 2, 15, 11, 7, 3 ], 
      [ 4, 17, 13, 9, 5, 1, 14, 10, 6, 2, 15, 11, 7, 3, 16, 12, 8 ], 
      [ 9, 5, 1, 14, 10, 6, 2, 15, 11, 7, 3, 16, 12, 8, 4, 17, 13 ], 
      [ 14, 10, 6, 2, 15, 11, 7, 3, 16, 12, 8, 4, 17, 13, 9, 5, 1 ], 
      [ 2, 15, 11, 7, 3, 16, 12, 8, 4, 17, 13, 9, 5, 1, 14, 10, 6 ], 
      [ 7, 3, 16, 12, 8, 4, 17, 13, 9, 5, 1, 14, 10, 6, 2, 15, 11 ], 
      [ 12, 8, 4, 17, 13, 9, 5, 1, 14, 10, 6, 2, 15, 11, 7, 3, 16 ], 
      [ 17, 13, 9, 5, 1, 14, 10, 6, 2, 15, 11, 7, 3, 16, 12, 8, 4 ], 
      [ 5, 1, 14, 10, 6, 2, 15, 11, 7, 3, 16, 12, 8, 4, 17, 13, 9 ], 
      [ 10, 6, 2, 15, 11, 7, 3, 16, 12, 8, 4, 17, 13, 9, 5, 1, 14 ], 
      [ 15, 11, 7, 3, 16, 12, 8, 4, 17, 13, 9, 5, 1, 14, 10, 6, 2 ], 
      [ 3, 16, 12, 8, 4, 17, 13, 9, 5, 1, 14, 10, 6, 2, 15, 11, 7 ], 
      [ 8, 4, 17, 13, 9, 5, 1, 14, 10, 6, 2, 15, 11, 7, 3, 16, 12 ], 
      [ 13, 9, 5, 1, 14, 10, 6, 2, 15, 11, 7, 3, 16, 12, 8, 4, 17 ] ],
  ordFix := 1,
  ordf := 4,
  psi := GroupHomomorphismByImages( Group( 
    [ ( 1, 2, 3, 4, 5, 6, 7, 8, 9,10,11,12,13,14,15,16,17) ] ), Group( 
    [ ( 1, 2, 3, 4, 5, 6, 7, 8, 9,10,11,12,13,14,15,16,17) ] ), 
    [ ( 1, 2, 3, 4, 5, 6, 7, 8, 9,10,11,12,13,14,15,16,17) ], 
    [ ( 1,14,10, 6, 2,15,11, 7, 3,16,12, 8, 4,17,13, 9, 5) ] ) ),
# No.14
rec(
  G := Group( [ ( 1, 2, 3, 4, 5, 6, 7, 8, 9,10,11,12,13,14,15,16,17) ] ),
  isConnected := true,
  matrix := [ [ 1, 15, 12, 9, 6, 3, 17, 14, 11, 8, 5, 2, 16, 13, 10, 7, 4 ], 
      [ 5, 2, 16, 13, 10, 7, 4, 1, 15, 12, 9, 6, 3, 17, 14, 11, 8 ], 
      [ 9, 6, 3, 17, 14, 11, 8, 5, 2, 16, 13, 10, 7, 4, 1, 15, 12 ], 
      [ 13, 10, 7, 4, 1, 15, 12, 9, 6, 3, 17, 14, 11, 8, 5, 2, 16 ], 
      [ 17, 14, 11, 8, 5, 2, 16, 13, 10, 7, 4, 1, 15, 12, 9, 6, 3 ], 
      [ 4, 1, 15, 12, 9, 6, 3, 17, 14, 11, 8, 5, 2, 16, 13, 10, 7 ], 
      [ 8, 5, 2, 16, 13, 10, 7, 4, 1, 15, 12, 9, 6, 3, 17, 14, 11 ], 
      [ 12, 9, 6, 3, 17, 14, 11, 8, 5, 2, 16, 13, 10, 7, 4, 1, 15 ], 
      [ 16, 13, 10, 7, 4, 1, 15, 12, 9, 6, 3, 17, 14, 11, 8, 5, 2 ], 
      [ 3, 17, 14, 11, 8, 5, 2, 16, 13, 10, 7, 4, 1, 15, 12, 9, 6 ], 
      [ 7, 4, 1, 15, 12, 9, 6, 3, 17, 14, 11, 8, 5, 2, 16, 13, 10 ], 
      [ 11, 8, 5, 2, 16, 13, 10, 7, 4, 1, 15, 12, 9, 6, 3, 17, 14 ], 
      [ 15, 12, 9, 6, 3, 17, 14, 11, 8, 5, 2, 16, 13, 10, 7, 4, 1 ], 
      [ 2, 16, 13, 10, 7, 4, 1, 15, 12, 9, 6, 3, 17, 14, 11, 8, 5 ], 
      [ 6, 3, 17, 14, 11, 8, 5, 2, 16, 13, 10, 7, 4, 1, 15, 12, 9 ], 
      [ 10, 7, 4, 1, 15, 12, 9, 6, 3, 17, 14, 11, 8, 5, 2, 16, 13 ], 
      [ 14, 11, 8, 5, 2, 16, 13, 10, 7, 4, 1, 15, 12, 9, 6, 3, 17 ] ],
  ordFix := 1,
  ordf := 16,
  psi := GroupHomomorphismByImages( Group( 
    [ ( 1, 2, 3, 4, 5, 6, 7, 8, 9,10,11,12,13,14,15,16,17) ] ), Group( 
    [ ( 1, 2, 3, 4, 5, 6, 7, 8, 9,10,11,12,13,14,15,16,17) ] ), 
    [ ( 1, 2, 3, 4, 5, 6, 7, 8, 9,10,11,12,13,14,15,16,17) ], 
    [ ( 1,15,12, 9, 6, 3,17,14,11, 8, 5, 2,16,13,10, 7, 4) ] ) ),
# No.15
rec(
  G := Group( [ ( 1, 2, 3, 4, 5, 6, 7, 8, 9,10,11,12,13,14,15,16,17) ] ),
  isConnected := true,
  matrix := [ [ 1, 16, 14, 12, 10, 8, 6, 4, 2, 17, 15, 13, 11, 9, 7, 5, 3 ], 
      [ 4, 2, 17, 15, 13, 11, 9, 7, 5, 3, 1, 16, 14, 12, 10, 8, 6 ], 
      [ 7, 5, 3, 1, 16, 14, 12, 10, 8, 6, 4, 2, 17, 15, 13, 11, 9 ], 
      [ 10, 8, 6, 4, 2, 17, 15, 13, 11, 9, 7, 5, 3, 1, 16, 14, 12 ], 
      [ 13, 11, 9, 7, 5, 3, 1, 16, 14, 12, 10, 8, 6, 4, 2, 17, 15 ], 
      [ 16, 14, 12, 10, 8, 6, 4, 2, 17, 15, 13, 11, 9, 7, 5, 3, 1 ], 
      [ 2, 17, 15, 13, 11, 9, 7, 5, 3, 1, 16, 14, 12, 10, 8, 6, 4 ], 
      [ 5, 3, 1, 16, 14, 12, 10, 8, 6, 4, 2, 17, 15, 13, 11, 9, 7 ], 
      [ 8, 6, 4, 2, 17, 15, 13, 11, 9, 7, 5, 3, 1, 16, 14, 12, 10 ], 
      [ 11, 9, 7, 5, 3, 1, 16, 14, 12, 10, 8, 6, 4, 2, 17, 15, 13 ], 
      [ 14, 12, 10, 8, 6, 4, 2, 17, 15, 13, 11, 9, 7, 5, 3, 1, 16 ], 
      [ 17, 15, 13, 11, 9, 7, 5, 3, 1, 16, 14, 12, 10, 8, 6, 4, 2 ], 
      [ 3, 1, 16, 14, 12, 10, 8, 6, 4, 2, 17, 15, 13, 11, 9, 7, 5 ], 
      [ 6, 4, 2, 17, 15, 13, 11, 9, 7, 5, 3, 1, 16, 14, 12, 10, 8 ], 
      [ 9, 7, 5, 3, 1, 16, 14, 12, 10, 8, 6, 4, 2, 17, 15, 13, 11 ], 
      [ 12, 10, 8, 6, 4, 2, 17, 15, 13, 11, 9, 7, 5, 3, 1, 16, 14 ], 
      [ 15, 13, 11, 9, 7, 5, 3, 1, 16, 14, 12, 10, 8, 6, 4, 2, 17 ] ],
  ordFix := 1,
  ordf := 8,
  psi := GroupHomomorphismByImages( Group( 
    [ ( 1, 2, 3, 4, 5, 6, 7, 8, 9,10,11,12,13,14,15,16,17) ] ), Group( 
    [ ( 1, 2, 3, 4, 5, 6, 7, 8, 9,10,11,12,13,14,15,16,17) ] ), 
    [ ( 1, 2, 3, 4, 5, 6, 7, 8, 9,10,11,12,13,14,15,16,17) ], 
    [ ( 1,16,14,12,10, 8, 6, 4, 2,17,15,13,11, 9, 7, 5, 3) ] ) ),
# No.16
rec(
  G := Group( [ ( 1, 2, 3, 4, 5, 6, 7, 8, 9,10,11,12,13,14,15,16,17) ] ),
  isConnected := true,
  matrix := [ [ 1, 17, 16, 15, 14, 13, 12, 11, 10, 9, 8, 7, 6, 5, 4, 3, 2 ], 
      [ 3, 2, 1, 17, 16, 15, 14, 13, 12, 11, 10, 9, 8, 7, 6, 5, 4 ], 
      [ 5, 4, 3, 2, 1, 17, 16, 15, 14, 13, 12, 11, 10, 9, 8, 7, 6 ], 
      [ 7, 6, 5, 4, 3, 2, 1, 17, 16, 15, 14, 13, 12, 11, 10, 9, 8 ], 
      [ 9, 8, 7, 6, 5, 4, 3, 2, 1, 17, 16, 15, 14, 13, 12, 11, 10 ], 
      [ 11, 10, 9, 8, 7, 6, 5, 4, 3, 2, 1, 17, 16, 15, 14, 13, 12 ], 
      [ 13, 12, 11, 10, 9, 8, 7, 6, 5, 4, 3, 2, 1, 17, 16, 15, 14 ], 
      [ 15, 14, 13, 12, 11, 10, 9, 8, 7, 6, 5, 4, 3, 2, 1, 17, 16 ], 
      [ 17, 16, 15, 14, 13, 12, 11, 10, 9, 8, 7, 6, 5, 4, 3, 2, 1 ], 
      [ 2, 1, 17, 16, 15, 14, 13, 12, 11, 10, 9, 8, 7, 6, 5, 4, 3 ], 
      [ 4, 3, 2, 1, 17, 16, 15, 14, 13, 12, 11, 10, 9, 8, 7, 6, 5 ], 
      [ 6, 5, 4, 3, 2, 1, 17, 16, 15, 14, 13, 12, 11, 10, 9, 8, 7 ], 
      [ 8, 7, 6, 5, 4, 3, 2, 1, 17, 16, 15, 14, 13, 12, 11, 10, 9 ], 
      [ 10, 9, 8, 7, 6, 5, 4, 3, 2, 1, 17, 16, 15, 14, 13, 12, 11 ], 
      [ 12, 11, 10, 9, 8, 7, 6, 5, 4, 3, 2, 1, 17, 16, 15, 14, 13 ], 
      [ 14, 13, 12, 11, 10, 9, 8, 7, 6, 5, 4, 3, 2, 1, 17, 16, 15 ], 
      [ 16, 15, 14, 13, 12, 11, 10, 9, 8, 7, 6, 5, 4, 3, 2, 1, 17 ] ],
  ordFix := 1,
  ordf := 2,
  psi := GroupHomomorphismByImages( Group( 
    [ ( 1, 2, 3, 4, 5, 6, 7, 8, 9,10,11,12,13,14,15,16,17) ] ), Group( 
    [ ( 1, 2, 3, 4, 5, 6, 7, 8, 9,10,11,12,13,14,15,16,17) ] ), 
    [ ( 1, 2, 3, 4, 5, 6, 7, 8, 9,10,11,12,13,14,15,16,17) ], 
    [ ( 1,17,16,15,14,13,12,11,10, 9, 8, 7, 6, 5, 4, 3, 2) ] ) ),
]; 
### end of file ###