# 
# computed by Jin Kosaka and Hirotake Kurihara 
# using gap 4.12.2 
# 
GAQ_30 :=
[
# No.1
rec(
  G := Group( [ (1,2), (3,4,5), ( 6, 7, 8, 9,10) ] ),
  isConnected := false,
  matrix := 
   [ [ 1, 2, 3, 4, 5, 6, 7, 8, 9, 10, 11, 12, 13, 14, 15, 16, 17, 18, 19, 20, 
          21, 22, 23, 24, 25, 26, 27, 28, 29, 30 ], 
      [ 1, 2, 3, 4, 5, 6, 7, 8, 9, 10, 11, 12, 13, 14, 15, 16, 17, 18, 19, 
          20, 21, 22, 23, 24, 25, 26, 27, 28, 29, 30 ], 
      [ 1, 2, 3, 4, 5, 6, 7, 8, 9, 10, 11, 12, 13, 14, 15, 16, 17, 18, 19, 
          20, 21, 22, 23, 24, 25, 26, 27, 28, 29, 30 ], 
      [ 1, 2, 3, 4, 5, 6, 7, 8, 9, 10, 11, 12, 13, 14, 15, 16, 17, 18, 19, 
          20, 21, 22, 23, 24, 25, 26, 27, 28, 29, 30 ], 
      [ 1, 2, 3, 4, 5, 6, 7, 8, 9, 10, 11, 12, 13, 14, 15, 16, 17, 18, 19, 
          20, 21, 22, 23, 24, 25, 26, 27, 28, 29, 30 ], 
      [ 1, 2, 3, 4, 5, 6, 7, 8, 9, 10, 11, 12, 13, 14, 15, 16, 17, 18, 19, 
          20, 21, 22, 23, 24, 25, 26, 27, 28, 29, 30 ], 
      [ 1, 2, 3, 4, 5, 6, 7, 8, 9, 10, 11, 12, 13, 14, 15, 16, 17, 18, 19, 
          20, 21, 22, 23, 24, 25, 26, 27, 28, 29, 30 ], 
      [ 1, 2, 3, 4, 5, 6, 7, 8, 9, 10, 11, 12, 13, 14, 15, 16, 17, 18, 19, 
          20, 21, 22, 23, 24, 25, 26, 27, 28, 29, 30 ], 
      [ 1, 2, 3, 4, 5, 6, 7, 8, 9, 10, 11, 12, 13, 14, 15, 16, 17, 18, 19, 
          20, 21, 22, 23, 24, 25, 26, 27, 28, 29, 30 ], 
      [ 1, 2, 3, 4, 5, 6, 7, 8, 9, 10, 11, 12, 13, 14, 15, 16, 17, 18, 19, 
          20, 21, 22, 23, 24, 25, 26, 27, 28, 29, 30 ], 
      [ 1, 2, 3, 4, 5, 6, 7, 8, 9, 10, 11, 12, 13, 14, 15, 16, 17, 18, 19, 
          20, 21, 22, 23, 24, 25, 26, 27, 28, 29, 30 ], 
      [ 1, 2, 3, 4, 5, 6, 7, 8, 9, 10, 11, 12, 13, 14, 15, 16, 17, 18, 19, 
          20, 21, 22, 23, 24, 25, 26, 27, 28, 29, 30 ], 
      [ 1, 2, 3, 4, 5, 6, 7, 8, 9, 10, 11, 12, 13, 14, 15, 16, 17, 18, 19, 
          20, 21, 22, 23, 24, 25, 26, 27, 28, 29, 30 ], 
      [ 1, 2, 3, 4, 5, 6, 7, 8, 9, 10, 11, 12, 13, 14, 15, 16, 17, 18, 19, 
          20, 21, 22, 23, 24, 25, 26, 27, 28, 29, 30 ], 
      [ 1, 2, 3, 4, 5, 6, 7, 8, 9, 10, 11, 12, 13, 14, 15, 16, 17, 18, 19, 
          20, 21, 22, 23, 24, 25, 26, 27, 28, 29, 30 ], 
      [ 1, 2, 3, 4, 5, 6, 7, 8, 9, 10, 11, 12, 13, 14, 15, 16, 17, 18, 19, 
          20, 21, 22, 23, 24, 25, 26, 27, 28, 29, 30 ], 
      [ 1, 2, 3, 4, 5, 6, 7, 8, 9, 10, 11, 12, 13, 14, 15, 16, 17, 18, 19, 
          20, 21, 22, 23, 24, 25, 26, 27, 28, 29, 30 ], 
      [ 1, 2, 3, 4, 5, 6, 7, 8, 9, 10, 11, 12, 13, 14, 15, 16, 17, 18, 19, 
          20, 21, 22, 23, 24, 25, 26, 27, 28, 29, 30 ], 
      [ 1, 2, 3, 4, 5, 6, 7, 8, 9, 10, 11, 12, 13, 14, 15, 16, 17, 18, 19, 
          20, 21, 22, 23, 24, 25, 26, 27, 28, 29, 30 ], 
      [ 1, 2, 3, 4, 5, 6, 7, 8, 9, 10, 11, 12, 13, 14, 15, 16, 17, 18, 19, 
          20, 21, 22, 23, 24, 25, 26, 27, 28, 29, 30 ], 
      [ 1, 2, 3, 4, 5, 6, 7, 8, 9, 10, 11, 12, 13, 14, 15, 16, 17, 18, 19, 
          20, 21, 22, 23, 24, 25, 26, 27, 28, 29, 30 ], 
      [ 1, 2, 3, 4, 5, 6, 7, 8, 9, 10, 11, 12, 13, 14, 15, 16, 17, 18, 19, 
          20, 21, 22, 23, 24, 25, 26, 27, 28, 29, 30 ], 
      [ 1, 2, 3, 4, 5, 6, 7, 8, 9, 10, 11, 12, 13, 14, 15, 16, 17, 18, 19, 
          20, 21, 22, 23, 24, 25, 26, 27, 28, 29, 30 ], 
      [ 1, 2, 3, 4, 5, 6, 7, 8, 9, 10, 11, 12, 13, 14, 15, 16, 17, 18, 19, 
          20, 21, 22, 23, 24, 25, 26, 27, 28, 29, 30 ], 
      [ 1, 2, 3, 4, 5, 6, 7, 8, 9, 10, 11, 12, 13, 14, 15, 16, 17, 18, 19, 
          20, 21, 22, 23, 24, 25, 26, 27, 28, 29, 30 ], 
      [ 1, 2, 3, 4, 5, 6, 7, 8, 9, 10, 11, 12, 13, 14, 15, 16, 17, 18, 19, 
          20, 21, 22, 23, 24, 25, 26, 27, 28, 29, 30 ], 
      [ 1, 2, 3, 4, 5, 6, 7, 8, 9, 10, 11, 12, 13, 14, 15, 16, 17, 18, 19, 
          20, 21, 22, 23, 24, 25, 26, 27, 28, 29, 30 ], 
      [ 1, 2, 3, 4, 5, 6, 7, 8, 9, 10, 11, 12, 13, 14, 15, 16, 17, 18, 19, 
          20, 21, 22, 23, 24, 25, 26, 27, 28, 29, 30 ], 
      [ 1, 2, 3, 4, 5, 6, 7, 8, 9, 10, 11, 12, 13, 14, 15, 16, 17, 18, 19, 
          20, 21, 22, 23, 24, 25, 26, 27, 28, 29, 30 ], 
      [ 1, 2, 3, 4, 5, 6, 7, 8, 9, 10, 11, 12, 13, 14, 15, 16, 17, 18, 19, 
          20, 21, 22, 23, 24, 25, 26, 27, 28, 29, 30 ] ],
  ordFix := 30,
  ordf := 1,
  psi := GroupHomomorphismByImages( Group( [ (1,2), (3,4,5), ( 6, 7, 8, 9,10) 
     ] ), Group( [ (1,2), (3,4,5), ( 6, 7, 8, 9,10) ] ), 
    [ (1,2), (3,4,5), ( 6, 7, 8, 9,10) ], [ (1,2), (3,4,5), ( 6, 7, 8, 9,10) 
     ] ) ),
# No.2
rec(
  G := Group( [ (1,2), (3,4,5), ( 6, 7, 8, 9,10) ] ),
  isConnected := false,
  matrix := 
   [ [ 1, 2, 7, 4, 10, 6, 3, 13, 9, 5, 16, 12, 8, 19, 15, 11, 22, 18, 14, 25, 
          21, 17, 27, 24, 20, 29, 23, 30, 26, 28 ], 
      [ 1, 2, 7, 4, 10, 6, 3, 13, 9, 5, 16, 12, 8, 19, 15, 11, 22, 18, 14, 
          25, 21, 17, 27, 24, 20, 29, 23, 30, 26, 28 ], 
      [ 7, 10, 3, 13, 5, 16, 1, 8, 19, 2, 11, 22, 4, 14, 25, 6, 17, 27, 9, 
          20, 29, 12, 23, 30, 15, 26, 18, 28, 21, 24 ], 
      [ 1, 2, 7, 4, 10, 6, 3, 13, 9, 5, 16, 12, 8, 19, 15, 11, 22, 18, 14, 
          25, 21, 17, 27, 24, 20, 29, 23, 30, 26, 28 ], 
      [ 7, 10, 3, 13, 5, 16, 1, 8, 19, 2, 11, 22, 4, 14, 25, 6, 17, 27, 9, 
          20, 29, 12, 23, 30, 15, 26, 18, 28, 21, 24 ], 
      [ 1, 2, 7, 4, 10, 6, 3, 13, 9, 5, 16, 12, 8, 19, 15, 11, 22, 18, 14, 
          25, 21, 17, 27, 24, 20, 29, 23, 30, 26, 28 ], 
      [ 3, 5, 1, 8, 2, 11, 7, 4, 14, 10, 6, 17, 13, 9, 20, 16, 12, 23, 19, 
          15, 26, 22, 18, 28, 25, 21, 27, 24, 29, 30 ], 
      [ 7, 10, 3, 13, 5, 16, 1, 8, 19, 2, 11, 22, 4, 14, 25, 6, 17, 27, 9, 
          20, 29, 12, 23, 30, 15, 26, 18, 28, 21, 24 ], 
      [ 1, 2, 7, 4, 10, 6, 3, 13, 9, 5, 16, 12, 8, 19, 15, 11, 22, 18, 14, 
          25, 21, 17, 27, 24, 20, 29, 23, 30, 26, 28 ], 
      [ 3, 5, 1, 8, 2, 11, 7, 4, 14, 10, 6, 17, 13, 9, 20, 16, 12, 23, 19, 
          15, 26, 22, 18, 28, 25, 21, 27, 24, 29, 30 ], 
      [ 7, 10, 3, 13, 5, 16, 1, 8, 19, 2, 11, 22, 4, 14, 25, 6, 17, 27, 9, 
          20, 29, 12, 23, 30, 15, 26, 18, 28, 21, 24 ], 
      [ 1, 2, 7, 4, 10, 6, 3, 13, 9, 5, 16, 12, 8, 19, 15, 11, 22, 18, 14, 
          25, 21, 17, 27, 24, 20, 29, 23, 30, 26, 28 ], 
      [ 3, 5, 1, 8, 2, 11, 7, 4, 14, 10, 6, 17, 13, 9, 20, 16, 12, 23, 19, 
          15, 26, 22, 18, 28, 25, 21, 27, 24, 29, 30 ], 
      [ 7, 10, 3, 13, 5, 16, 1, 8, 19, 2, 11, 22, 4, 14, 25, 6, 17, 27, 9, 
          20, 29, 12, 23, 30, 15, 26, 18, 28, 21, 24 ], 
      [ 1, 2, 7, 4, 10, 6, 3, 13, 9, 5, 16, 12, 8, 19, 15, 11, 22, 18, 14, 
          25, 21, 17, 27, 24, 20, 29, 23, 30, 26, 28 ], 
      [ 3, 5, 1, 8, 2, 11, 7, 4, 14, 10, 6, 17, 13, 9, 20, 16, 12, 23, 19, 
          15, 26, 22, 18, 28, 25, 21, 27, 24, 29, 30 ], 
      [ 7, 10, 3, 13, 5, 16, 1, 8, 19, 2, 11, 22, 4, 14, 25, 6, 17, 27, 9, 
          20, 29, 12, 23, 30, 15, 26, 18, 28, 21, 24 ], 
      [ 1, 2, 7, 4, 10, 6, 3, 13, 9, 5, 16, 12, 8, 19, 15, 11, 22, 18, 14, 
          25, 21, 17, 27, 24, 20, 29, 23, 30, 26, 28 ], 
      [ 3, 5, 1, 8, 2, 11, 7, 4, 14, 10, 6, 17, 13, 9, 20, 16, 12, 23, 19, 
          15, 26, 22, 18, 28, 25, 21, 27, 24, 29, 30 ], 
      [ 7, 10, 3, 13, 5, 16, 1, 8, 19, 2, 11, 22, 4, 14, 25, 6, 17, 27, 9, 
          20, 29, 12, 23, 30, 15, 26, 18, 28, 21, 24 ], 
      [ 1, 2, 7, 4, 10, 6, 3, 13, 9, 5, 16, 12, 8, 19, 15, 11, 22, 18, 14, 
          25, 21, 17, 27, 24, 20, 29, 23, 30, 26, 28 ], 
      [ 3, 5, 1, 8, 2, 11, 7, 4, 14, 10, 6, 17, 13, 9, 20, 16, 12, 23, 19, 
          15, 26, 22, 18, 28, 25, 21, 27, 24, 29, 30 ], 
      [ 7, 10, 3, 13, 5, 16, 1, 8, 19, 2, 11, 22, 4, 14, 25, 6, 17, 27, 9, 
          20, 29, 12, 23, 30, 15, 26, 18, 28, 21, 24 ], 
      [ 1, 2, 7, 4, 10, 6, 3, 13, 9, 5, 16, 12, 8, 19, 15, 11, 22, 18, 14, 
          25, 21, 17, 27, 24, 20, 29, 23, 30, 26, 28 ], 
      [ 3, 5, 1, 8, 2, 11, 7, 4, 14, 10, 6, 17, 13, 9, 20, 16, 12, 23, 19, 
          15, 26, 22, 18, 28, 25, 21, 27, 24, 29, 30 ], 
      [ 7, 10, 3, 13, 5, 16, 1, 8, 19, 2, 11, 22, 4, 14, 25, 6, 17, 27, 9, 
          20, 29, 12, 23, 30, 15, 26, 18, 28, 21, 24 ], 
      [ 3, 5, 1, 8, 2, 11, 7, 4, 14, 10, 6, 17, 13, 9, 20, 16, 12, 23, 19, 
          15, 26, 22, 18, 28, 25, 21, 27, 24, 29, 30 ], 
      [ 7, 10, 3, 13, 5, 16, 1, 8, 19, 2, 11, 22, 4, 14, 25, 6, 17, 27, 9, 
          20, 29, 12, 23, 30, 15, 26, 18, 28, 21, 24 ], 
      [ 3, 5, 1, 8, 2, 11, 7, 4, 14, 10, 6, 17, 13, 9, 20, 16, 12, 23, 19, 
          15, 26, 22, 18, 28, 25, 21, 27, 24, 29, 30 ], 
      [ 3, 5, 1, 8, 2, 11, 7, 4, 14, 10, 6, 17, 13, 9, 20, 16, 12, 23, 19, 
          15, 26, 22, 18, 28, 25, 21, 27, 24, 29, 30 ] ],
  ordFix := 10,
  ordf := 2,
  psi := GroupHomomorphismByImages( Group( [ (1,2), (3,4,5), ( 6, 7, 8, 9,10) 
     ] ), Group( [ (1,2), (3,4,5), ( 6, 7, 8, 9,10) ] ), 
    [ (1,2), (3,4,5), ( 6, 7, 8, 9,10) ], [ (1,2), (3,5,4), ( 6, 7, 8, 9,10) 
     ] ) ),
# No.3
rec(
  G := Group( [ (1,2), (3,4,5), ( 6, 7, 8, 9,10) ] ),
  isConnected := false,
  matrix := 
   [ [ 1, 2, 3, 9, 5, 12, 7, 14, 21, 10, 17, 24, 19, 26, 4, 22, 28, 6, 29, 8, 
          15, 30, 11, 18, 13, 20, 16, 23, 25, 27 ], 
      [ 1, 2, 3, 9, 5, 12, 7, 14, 21, 10, 17, 24, 19, 26, 4, 22, 28, 6, 29, 
          8, 15, 30, 11, 18, 13, 20, 16, 23, 25, 27 ], 
      [ 1, 2, 3, 9, 5, 12, 7, 14, 21, 10, 17, 24, 19, 26, 4, 22, 28, 6, 29, 
          8, 15, 30, 11, 18, 13, 20, 16, 23, 25, 27 ], 
      [ 21, 24, 26, 4, 28, 6, 29, 8, 15, 30, 11, 18, 13, 20, 1, 16, 23, 2, 
          25, 3, 9, 27, 5, 12, 7, 14, 10, 17, 19, 22 ], 
      [ 1, 2, 3, 9, 5, 12, 7, 14, 21, 10, 17, 24, 19, 26, 4, 22, 28, 6, 29, 
          8, 15, 30, 11, 18, 13, 20, 16, 23, 25, 27 ], 
      [ 21, 24, 26, 4, 28, 6, 29, 8, 15, 30, 11, 18, 13, 20, 1, 16, 23, 2, 
          25, 3, 9, 27, 5, 12, 7, 14, 10, 17, 19, 22 ], 
      [ 1, 2, 3, 9, 5, 12, 7, 14, 21, 10, 17, 24, 19, 26, 4, 22, 28, 6, 29, 
          8, 15, 30, 11, 18, 13, 20, 16, 23, 25, 27 ], 
      [ 21, 24, 26, 4, 28, 6, 29, 8, 15, 30, 11, 18, 13, 20, 1, 16, 23, 2, 
          25, 3, 9, 27, 5, 12, 7, 14, 10, 17, 19, 22 ], 
      [ 15, 18, 20, 1, 23, 2, 25, 3, 9, 27, 5, 12, 7, 14, 21, 10, 17, 24, 19, 
          26, 4, 22, 28, 6, 29, 8, 30, 11, 13, 16 ], 
      [ 1, 2, 3, 9, 5, 12, 7, 14, 21, 10, 17, 24, 19, 26, 4, 22, 28, 6, 29, 
          8, 15, 30, 11, 18, 13, 20, 16, 23, 25, 27 ], 
      [ 21, 24, 26, 4, 28, 6, 29, 8, 15, 30, 11, 18, 13, 20, 1, 16, 23, 2, 
          25, 3, 9, 27, 5, 12, 7, 14, 10, 17, 19, 22 ], 
      [ 15, 18, 20, 1, 23, 2, 25, 3, 9, 27, 5, 12, 7, 14, 21, 10, 17, 24, 19, 
          26, 4, 22, 28, 6, 29, 8, 30, 11, 13, 16 ], 
      [ 21, 24, 26, 4, 28, 6, 29, 8, 15, 30, 11, 18, 13, 20, 1, 16, 23, 2, 
          25, 3, 9, 27, 5, 12, 7, 14, 10, 17, 19, 22 ], 
      [ 15, 18, 20, 1, 23, 2, 25, 3, 9, 27, 5, 12, 7, 14, 21, 10, 17, 24, 19, 
          26, 4, 22, 28, 6, 29, 8, 30, 11, 13, 16 ], 
      [ 9, 12, 14, 21, 17, 24, 19, 26, 4, 22, 28, 6, 29, 8, 15, 30, 11, 18, 
          13, 20, 1, 16, 23, 2, 25, 3, 27, 5, 7, 10 ], 
      [ 21, 24, 26, 4, 28, 6, 29, 8, 15, 30, 11, 18, 13, 20, 1, 16, 23, 2, 
          25, 3, 9, 27, 5, 12, 7, 14, 10, 17, 19, 22 ], 
      [ 15, 18, 20, 1, 23, 2, 25, 3, 9, 27, 5, 12, 7, 14, 21, 10, 17, 24, 19, 
          26, 4, 22, 28, 6, 29, 8, 30, 11, 13, 16 ], 
      [ 9, 12, 14, 21, 17, 24, 19, 26, 4, 22, 28, 6, 29, 8, 15, 30, 11, 18, 
          13, 20, 1, 16, 23, 2, 25, 3, 27, 5, 7, 10 ], 
      [ 15, 18, 20, 1, 23, 2, 25, 3, 9, 27, 5, 12, 7, 14, 21, 10, 17, 24, 19, 
          26, 4, 22, 28, 6, 29, 8, 30, 11, 13, 16 ], 
      [ 9, 12, 14, 21, 17, 24, 19, 26, 4, 22, 28, 6, 29, 8, 15, 30, 11, 18, 
          13, 20, 1, 16, 23, 2, 25, 3, 27, 5, 7, 10 ], 
      [ 4, 6, 8, 15, 11, 18, 13, 20, 1, 16, 23, 2, 25, 3, 9, 27, 5, 12, 7, 
          14, 21, 10, 17, 24, 19, 26, 22, 28, 29, 30 ], 
      [ 15, 18, 20, 1, 23, 2, 25, 3, 9, 27, 5, 12, 7, 14, 21, 10, 17, 24, 19, 
          26, 4, 22, 28, 6, 29, 8, 30, 11, 13, 16 ], 
      [ 9, 12, 14, 21, 17, 24, 19, 26, 4, 22, 28, 6, 29, 8, 15, 30, 11, 18, 
          13, 20, 1, 16, 23, 2, 25, 3, 27, 5, 7, 10 ], 
      [ 4, 6, 8, 15, 11, 18, 13, 20, 1, 16, 23, 2, 25, 3, 9, 27, 5, 12, 7, 
          14, 21, 10, 17, 24, 19, 26, 22, 28, 29, 30 ], 
      [ 9, 12, 14, 21, 17, 24, 19, 26, 4, 22, 28, 6, 29, 8, 15, 30, 11, 18, 
          13, 20, 1, 16, 23, 2, 25, 3, 27, 5, 7, 10 ], 
      [ 4, 6, 8, 15, 11, 18, 13, 20, 1, 16, 23, 2, 25, 3, 9, 27, 5, 12, 7, 
          14, 21, 10, 17, 24, 19, 26, 22, 28, 29, 30 ], 
      [ 9, 12, 14, 21, 17, 24, 19, 26, 4, 22, 28, 6, 29, 8, 15, 30, 11, 18, 
          13, 20, 1, 16, 23, 2, 25, 3, 27, 5, 7, 10 ], 
      [ 4, 6, 8, 15, 11, 18, 13, 20, 1, 16, 23, 2, 25, 3, 9, 27, 5, 12, 7, 
          14, 21, 10, 17, 24, 19, 26, 22, 28, 29, 30 ], 
      [ 4, 6, 8, 15, 11, 18, 13, 20, 1, 16, 23, 2, 25, 3, 9, 27, 5, 12, 7, 
          14, 21, 10, 17, 24, 19, 26, 22, 28, 29, 30 ], 
      [ 4, 6, 8, 15, 11, 18, 13, 20, 1, 16, 23, 2, 25, 3, 9, 27, 5, 12, 7, 
          14, 21, 10, 17, 24, 19, 26, 22, 28, 29, 30 ] ],
  ordFix := 6,
  ordf := 4,
  psi := GroupHomomorphismByImages( Group( [ (1,2), (3,4,5), ( 6, 7, 8, 9,10) 
     ] ), Group( [ (1,2), (3,4,5), ( 6, 7, 8, 9,10) ] ), 
    [ (1,2), (3,4,5), ( 6, 7, 8, 9,10) ], [ (1,2), (3,4,5), ( 6, 8,10, 7, 9) 
     ] ) ),
# No.4
rec(
  G := Group( [ (1,2), (3,4,5), ( 6, 7, 8, 9,10) ] ),
  isConnected := false,
  matrix := 
   [ [ 1, 2, 3, 15, 5, 18, 7, 20, 4, 10, 23, 6, 25, 8, 21, 27, 11, 24, 13, 
          26, 9, 16, 28, 12, 29, 14, 30, 17, 19, 22 ], 
      [ 1, 2, 3, 15, 5, 18, 7, 20, 4, 10, 23, 6, 25, 8, 21, 27, 11, 24, 13, 
          26, 9, 16, 28, 12, 29, 14, 30, 17, 19, 22 ], 
      [ 1, 2, 3, 15, 5, 18, 7, 20, 4, 10, 23, 6, 25, 8, 21, 27, 11, 24, 13, 
          26, 9, 16, 28, 12, 29, 14, 30, 17, 19, 22 ], 
      [ 15, 18, 20, 4, 23, 6, 25, 8, 21, 27, 11, 24, 13, 26, 9, 16, 28, 12, 
          29, 14, 1, 30, 17, 2, 19, 3, 22, 5, 7, 10 ], 
      [ 1, 2, 3, 15, 5, 18, 7, 20, 4, 10, 23, 6, 25, 8, 21, 27, 11, 24, 13, 
          26, 9, 16, 28, 12, 29, 14, 30, 17, 19, 22 ], 
      [ 15, 18, 20, 4, 23, 6, 25, 8, 21, 27, 11, 24, 13, 26, 9, 16, 28, 12, 
          29, 14, 1, 30, 17, 2, 19, 3, 22, 5, 7, 10 ], 
      [ 1, 2, 3, 15, 5, 18, 7, 20, 4, 10, 23, 6, 25, 8, 21, 27, 11, 24, 13, 
          26, 9, 16, 28, 12, 29, 14, 30, 17, 19, 22 ], 
      [ 15, 18, 20, 4, 23, 6, 25, 8, 21, 27, 11, 24, 13, 26, 9, 16, 28, 12, 
          29, 14, 1, 30, 17, 2, 19, 3, 22, 5, 7, 10 ], 
      [ 4, 6, 8, 21, 11, 24, 13, 26, 9, 16, 28, 12, 29, 14, 1, 30, 17, 2, 19, 
          3, 15, 22, 5, 18, 7, 20, 10, 23, 25, 27 ], 
      [ 1, 2, 3, 15, 5, 18, 7, 20, 4, 10, 23, 6, 25, 8, 21, 27, 11, 24, 13, 
          26, 9, 16, 28, 12, 29, 14, 30, 17, 19, 22 ], 
      [ 15, 18, 20, 4, 23, 6, 25, 8, 21, 27, 11, 24, 13, 26, 9, 16, 28, 12, 
          29, 14, 1, 30, 17, 2, 19, 3, 22, 5, 7, 10 ], 
      [ 4, 6, 8, 21, 11, 24, 13, 26, 9, 16, 28, 12, 29, 14, 1, 30, 17, 2, 19, 
          3, 15, 22, 5, 18, 7, 20, 10, 23, 25, 27 ], 
      [ 15, 18, 20, 4, 23, 6, 25, 8, 21, 27, 11, 24, 13, 26, 9, 16, 28, 12, 
          29, 14, 1, 30, 17, 2, 19, 3, 22, 5, 7, 10 ], 
      [ 4, 6, 8, 21, 11, 24, 13, 26, 9, 16, 28, 12, 29, 14, 1, 30, 17, 2, 19, 
          3, 15, 22, 5, 18, 7, 20, 10, 23, 25, 27 ], 
      [ 21, 24, 26, 9, 28, 12, 29, 14, 1, 30, 17, 2, 19, 3, 15, 22, 5, 18, 7, 
          20, 4, 10, 23, 6, 25, 8, 27, 11, 13, 16 ], 
      [ 15, 18, 20, 4, 23, 6, 25, 8, 21, 27, 11, 24, 13, 26, 9, 16, 28, 12, 
          29, 14, 1, 30, 17, 2, 19, 3, 22, 5, 7, 10 ], 
      [ 4, 6, 8, 21, 11, 24, 13, 26, 9, 16, 28, 12, 29, 14, 1, 30, 17, 2, 19, 
          3, 15, 22, 5, 18, 7, 20, 10, 23, 25, 27 ], 
      [ 21, 24, 26, 9, 28, 12, 29, 14, 1, 30, 17, 2, 19, 3, 15, 22, 5, 18, 7, 
          20, 4, 10, 23, 6, 25, 8, 27, 11, 13, 16 ], 
      [ 4, 6, 8, 21, 11, 24, 13, 26, 9, 16, 28, 12, 29, 14, 1, 30, 17, 2, 19, 
          3, 15, 22, 5, 18, 7, 20, 10, 23, 25, 27 ], 
      [ 21, 24, 26, 9, 28, 12, 29, 14, 1, 30, 17, 2, 19, 3, 15, 22, 5, 18, 7, 
          20, 4, 10, 23, 6, 25, 8, 27, 11, 13, 16 ], 
      [ 9, 12, 14, 1, 17, 2, 19, 3, 15, 22, 5, 18, 7, 20, 4, 10, 23, 6, 25, 
          8, 21, 27, 11, 24, 13, 26, 16, 28, 29, 30 ], 
      [ 4, 6, 8, 21, 11, 24, 13, 26, 9, 16, 28, 12, 29, 14, 1, 30, 17, 2, 19, 
          3, 15, 22, 5, 18, 7, 20, 10, 23, 25, 27 ], 
      [ 21, 24, 26, 9, 28, 12, 29, 14, 1, 30, 17, 2, 19, 3, 15, 22, 5, 18, 7, 
          20, 4, 10, 23, 6, 25, 8, 27, 11, 13, 16 ], 
      [ 9, 12, 14, 1, 17, 2, 19, 3, 15, 22, 5, 18, 7, 20, 4, 10, 23, 6, 25, 
          8, 21, 27, 11, 24, 13, 26, 16, 28, 29, 30 ], 
      [ 21, 24, 26, 9, 28, 12, 29, 14, 1, 30, 17, 2, 19, 3, 15, 22, 5, 18, 7, 
          20, 4, 10, 23, 6, 25, 8, 27, 11, 13, 16 ], 
      [ 9, 12, 14, 1, 17, 2, 19, 3, 15, 22, 5, 18, 7, 20, 4, 10, 23, 6, 25, 
          8, 21, 27, 11, 24, 13, 26, 16, 28, 29, 30 ], 
      [ 21, 24, 26, 9, 28, 12, 29, 14, 1, 30, 17, 2, 19, 3, 15, 22, 5, 18, 7, 
          20, 4, 10, 23, 6, 25, 8, 27, 11, 13, 16 ], 
      [ 9, 12, 14, 1, 17, 2, 19, 3, 15, 22, 5, 18, 7, 20, 4, 10, 23, 6, 25, 
          8, 21, 27, 11, 24, 13, 26, 16, 28, 29, 30 ], 
      [ 9, 12, 14, 1, 17, 2, 19, 3, 15, 22, 5, 18, 7, 20, 4, 10, 23, 6, 25, 
          8, 21, 27, 11, 24, 13, 26, 16, 28, 29, 30 ], 
      [ 9, 12, 14, 1, 17, 2, 19, 3, 15, 22, 5, 18, 7, 20, 4, 10, 23, 6, 25, 
          8, 21, 27, 11, 24, 13, 26, 16, 28, 29, 30 ] ],
  ordFix := 6,
  ordf := 4,
  psi := GroupHomomorphismByImages( Group( [ (1,2), (3,4,5), ( 6, 7, 8, 9,10) 
     ] ), Group( [ (1,2), (3,4,5), ( 6, 7, 8, 9,10) ] ), 
    [ (1,2), (3,4,5), ( 6, 7, 8, 9,10) ], [ (1,2), (3,4,5), ( 6, 9, 7,10, 8) 
     ] ) ),
# No.5
rec(
  G := Group( [ (1,2), (3,4,5), ( 6, 7, 8, 9,10) ] ),
  isConnected := false,
  matrix := 
   [ [ 1, 2, 3, 21, 5, 24, 7, 26, 15, 10, 28, 18, 29, 20, 9, 30, 23, 12, 25, 
          14, 4, 27, 17, 6, 19, 8, 22, 11, 13, 16 ], 
      [ 1, 2, 3, 21, 5, 24, 7, 26, 15, 10, 28, 18, 29, 20, 9, 30, 23, 12, 25, 
          14, 4, 27, 17, 6, 19, 8, 22, 11, 13, 16 ], 
      [ 1, 2, 3, 21, 5, 24, 7, 26, 15, 10, 28, 18, 29, 20, 9, 30, 23, 12, 25, 
          14, 4, 27, 17, 6, 19, 8, 22, 11, 13, 16 ], 
      [ 9, 12, 14, 4, 17, 6, 19, 8, 1, 22, 11, 2, 13, 3, 21, 16, 5, 24, 7, 
          26, 15, 10, 28, 18, 29, 20, 30, 23, 25, 27 ], 
      [ 1, 2, 3, 21, 5, 24, 7, 26, 15, 10, 28, 18, 29, 20, 9, 30, 23, 12, 25, 
          14, 4, 27, 17, 6, 19, 8, 22, 11, 13, 16 ], 
      [ 9, 12, 14, 4, 17, 6, 19, 8, 1, 22, 11, 2, 13, 3, 21, 16, 5, 24, 7, 
          26, 15, 10, 28, 18, 29, 20, 30, 23, 25, 27 ], 
      [ 1, 2, 3, 21, 5, 24, 7, 26, 15, 10, 28, 18, 29, 20, 9, 30, 23, 12, 25, 
          14, 4, 27, 17, 6, 19, 8, 22, 11, 13, 16 ], 
      [ 9, 12, 14, 4, 17, 6, 19, 8, 1, 22, 11, 2, 13, 3, 21, 16, 5, 24, 7, 
          26, 15, 10, 28, 18, 29, 20, 30, 23, 25, 27 ], 
      [ 21, 24, 26, 15, 28, 18, 29, 20, 9, 30, 23, 12, 25, 14, 4, 27, 17, 6, 
          19, 8, 1, 22, 11, 2, 13, 3, 16, 5, 7, 10 ], 
      [ 1, 2, 3, 21, 5, 24, 7, 26, 15, 10, 28, 18, 29, 20, 9, 30, 23, 12, 25, 
          14, 4, 27, 17, 6, 19, 8, 22, 11, 13, 16 ], 
      [ 9, 12, 14, 4, 17, 6, 19, 8, 1, 22, 11, 2, 13, 3, 21, 16, 5, 24, 7, 
          26, 15, 10, 28, 18, 29, 20, 30, 23, 25, 27 ], 
      [ 21, 24, 26, 15, 28, 18, 29, 20, 9, 30, 23, 12, 25, 14, 4, 27, 17, 6, 
          19, 8, 1, 22, 11, 2, 13, 3, 16, 5, 7, 10 ], 
      [ 9, 12, 14, 4, 17, 6, 19, 8, 1, 22, 11, 2, 13, 3, 21, 16, 5, 24, 7, 
          26, 15, 10, 28, 18, 29, 20, 30, 23, 25, 27 ], 
      [ 21, 24, 26, 15, 28, 18, 29, 20, 9, 30, 23, 12, 25, 14, 4, 27, 17, 6, 
          19, 8, 1, 22, 11, 2, 13, 3, 16, 5, 7, 10 ], 
      [ 4, 6, 8, 1, 11, 2, 13, 3, 21, 16, 5, 24, 7, 26, 15, 10, 28, 18, 29, 
          20, 9, 30, 23, 12, 25, 14, 27, 17, 19, 22 ], 
      [ 9, 12, 14, 4, 17, 6, 19, 8, 1, 22, 11, 2, 13, 3, 21, 16, 5, 24, 7, 
          26, 15, 10, 28, 18, 29, 20, 30, 23, 25, 27 ], 
      [ 21, 24, 26, 15, 28, 18, 29, 20, 9, 30, 23, 12, 25, 14, 4, 27, 17, 6, 
          19, 8, 1, 22, 11, 2, 13, 3, 16, 5, 7, 10 ], 
      [ 4, 6, 8, 1, 11, 2, 13, 3, 21, 16, 5, 24, 7, 26, 15, 10, 28, 18, 29, 
          20, 9, 30, 23, 12, 25, 14, 27, 17, 19, 22 ], 
      [ 21, 24, 26, 15, 28, 18, 29, 20, 9, 30, 23, 12, 25, 14, 4, 27, 17, 6, 
          19, 8, 1, 22, 11, 2, 13, 3, 16, 5, 7, 10 ], 
      [ 4, 6, 8, 1, 11, 2, 13, 3, 21, 16, 5, 24, 7, 26, 15, 10, 28, 18, 29, 
          20, 9, 30, 23, 12, 25, 14, 27, 17, 19, 22 ], 
      [ 15, 18, 20, 9, 23, 12, 25, 14, 4, 27, 17, 6, 19, 8, 1, 22, 11, 2, 13, 
          3, 21, 16, 5, 24, 7, 26, 10, 28, 29, 30 ], 
      [ 21, 24, 26, 15, 28, 18, 29, 20, 9, 30, 23, 12, 25, 14, 4, 27, 17, 6, 
          19, 8, 1, 22, 11, 2, 13, 3, 16, 5, 7, 10 ], 
      [ 4, 6, 8, 1, 11, 2, 13, 3, 21, 16, 5, 24, 7, 26, 15, 10, 28, 18, 29, 
          20, 9, 30, 23, 12, 25, 14, 27, 17, 19, 22 ], 
      [ 15, 18, 20, 9, 23, 12, 25, 14, 4, 27, 17, 6, 19, 8, 1, 22, 11, 2, 13, 
          3, 21, 16, 5, 24, 7, 26, 10, 28, 29, 30 ], 
      [ 4, 6, 8, 1, 11, 2, 13, 3, 21, 16, 5, 24, 7, 26, 15, 10, 28, 18, 29, 
          20, 9, 30, 23, 12, 25, 14, 27, 17, 19, 22 ], 
      [ 15, 18, 20, 9, 23, 12, 25, 14, 4, 27, 17, 6, 19, 8, 1, 22, 11, 2, 13, 
          3, 21, 16, 5, 24, 7, 26, 10, 28, 29, 30 ], 
      [ 4, 6, 8, 1, 11, 2, 13, 3, 21, 16, 5, 24, 7, 26, 15, 10, 28, 18, 29, 
          20, 9, 30, 23, 12, 25, 14, 27, 17, 19, 22 ], 
      [ 15, 18, 20, 9, 23, 12, 25, 14, 4, 27, 17, 6, 19, 8, 1, 22, 11, 2, 13, 
          3, 21, 16, 5, 24, 7, 26, 10, 28, 29, 30 ], 
      [ 15, 18, 20, 9, 23, 12, 25, 14, 4, 27, 17, 6, 19, 8, 1, 22, 11, 2, 13, 
          3, 21, 16, 5, 24, 7, 26, 10, 28, 29, 30 ], 
      [ 15, 18, 20, 9, 23, 12, 25, 14, 4, 27, 17, 6, 19, 8, 1, 22, 11, 2, 13, 
          3, 21, 16, 5, 24, 7, 26, 10, 28, 29, 30 ] ],
  ordFix := 6,
  ordf := 2,
  psi := GroupHomomorphismByImages( Group( [ (1,2), (3,4,5), ( 6, 7, 8, 9,10) 
     ] ), Group( [ (1,2), (3,4,5), ( 6, 7, 8, 9,10) ] ), 
    [ (1,2), (3,4,5), ( 6, 7, 8, 9,10) ], [ (1,2), (3,4,5), ( 6,10, 9, 8, 7) 
     ] ) ),
# No.6
rec(
  G := Group( [ (1,2), (3,4,5), ( 6, 7, 8, 9,10) ] ),
  isConnected := false,
  matrix := 
   [ [ 1, 2, 7, 9, 10, 12, 3, 19, 21, 5, 22, 24, 14, 29, 4, 17, 30, 6, 26, 
          13, 15, 28, 16, 18, 8, 25, 11, 27, 20, 23 ], 
      [ 1, 2, 7, 9, 10, 12, 3, 19, 21, 5, 22, 24, 14, 29, 4, 17, 30, 6, 26, 
          13, 15, 28, 16, 18, 8, 25, 11, 27, 20, 23 ], 
      [ 7, 10, 3, 19, 5, 22, 1, 14, 29, 2, 17, 30, 9, 26, 13, 12, 28, 16, 21, 
          8, 25, 24, 11, 27, 4, 20, 6, 23, 15, 18 ], 
      [ 21, 24, 29, 4, 30, 6, 26, 13, 15, 28, 16, 18, 8, 25, 1, 11, 27, 2, 
          20, 7, 9, 23, 10, 12, 3, 19, 5, 22, 14, 17 ], 
      [ 7, 10, 3, 19, 5, 22, 1, 14, 29, 2, 17, 30, 9, 26, 13, 12, 28, 16, 21, 
          8, 25, 24, 11, 27, 4, 20, 6, 23, 15, 18 ], 
      [ 21, 24, 29, 4, 30, 6, 26, 13, 15, 28, 16, 18, 8, 25, 1, 11, 27, 2, 
          20, 7, 9, 23, 10, 12, 3, 19, 5, 22, 14, 17 ], 
      [ 3, 5, 1, 14, 2, 17, 7, 9, 26, 10, 12, 28, 19, 21, 8, 22, 24, 11, 29, 
          4, 20, 30, 6, 23, 13, 15, 16, 18, 25, 27 ], 
      [ 29, 30, 26, 13, 28, 16, 21, 8, 25, 24, 11, 27, 4, 20, 7, 6, 23, 10, 
          15, 3, 19, 18, 5, 22, 1, 14, 2, 17, 9, 12 ], 
      [ 15, 18, 25, 1, 27, 2, 20, 7, 9, 23, 10, 12, 3, 19, 21, 5, 22, 24, 14, 
          29, 4, 17, 30, 6, 26, 13, 28, 16, 8, 11 ], 
      [ 3, 5, 1, 14, 2, 17, 7, 9, 26, 10, 12, 28, 19, 21, 8, 22, 24, 11, 29, 
          4, 20, 30, 6, 23, 13, 15, 16, 18, 25, 27 ], 
      [ 29, 30, 26, 13, 28, 16, 21, 8, 25, 24, 11, 27, 4, 20, 7, 6, 23, 10, 
          15, 3, 19, 18, 5, 22, 1, 14, 2, 17, 9, 12 ], 
      [ 15, 18, 25, 1, 27, 2, 20, 7, 9, 23, 10, 12, 3, 19, 21, 5, 22, 24, 14, 
          29, 4, 17, 30, 6, 26, 13, 28, 16, 8, 11 ], 
      [ 26, 28, 21, 8, 24, 11, 29, 4, 20, 30, 6, 23, 13, 15, 3, 16, 18, 5, 
          25, 1, 14, 27, 2, 17, 7, 9, 10, 12, 19, 22 ], 
      [ 25, 27, 20, 7, 23, 10, 15, 3, 19, 18, 5, 22, 1, 14, 29, 2, 17, 30, 9, 
          26, 13, 12, 28, 16, 21, 8, 24, 11, 4, 6 ], 
      [ 9, 12, 19, 21, 22, 24, 14, 29, 4, 17, 30, 6, 26, 13, 15, 28, 16, 18, 
          8, 25, 1, 11, 27, 2, 20, 7, 23, 10, 3, 5 ], 
      [ 26, 28, 21, 8, 24, 11, 29, 4, 20, 30, 6, 23, 13, 15, 3, 16, 18, 5, 
          25, 1, 14, 27, 2, 17, 7, 9, 10, 12, 19, 22 ], 
      [ 25, 27, 20, 7, 23, 10, 15, 3, 19, 18, 5, 22, 1, 14, 29, 2, 17, 30, 9, 
          26, 13, 12, 28, 16, 21, 8, 24, 11, 4, 6 ], 
      [ 9, 12, 19, 21, 22, 24, 14, 29, 4, 17, 30, 6, 26, 13, 15, 28, 16, 18, 
          8, 25, 1, 11, 27, 2, 20, 7, 23, 10, 3, 5 ], 
      [ 20, 23, 15, 3, 18, 5, 25, 1, 14, 27, 2, 17, 7, 9, 26, 10, 12, 28, 19, 
          21, 8, 22, 24, 11, 29, 4, 30, 6, 13, 16 ], 
      [ 19, 22, 14, 29, 17, 30, 9, 26, 13, 12, 28, 16, 21, 8, 25, 24, 11, 27, 
          4, 20, 7, 6, 23, 10, 15, 3, 18, 5, 1, 2 ], 
      [ 4, 6, 13, 15, 16, 18, 8, 25, 1, 11, 27, 2, 20, 7, 9, 23, 10, 12, 3, 
          19, 21, 5, 22, 24, 14, 29, 17, 30, 26, 28 ], 
      [ 20, 23, 15, 3, 18, 5, 25, 1, 14, 27, 2, 17, 7, 9, 26, 10, 12, 28, 19, 
          21, 8, 22, 24, 11, 29, 4, 30, 6, 13, 16 ], 
      [ 19, 22, 14, 29, 17, 30, 9, 26, 13, 12, 28, 16, 21, 8, 25, 24, 11, 27, 
          4, 20, 7, 6, 23, 10, 15, 3, 18, 5, 1, 2 ], 
      [ 4, 6, 13, 15, 16, 18, 8, 25, 1, 11, 27, 2, 20, 7, 9, 23, 10, 12, 3, 
          19, 21, 5, 22, 24, 14, 29, 17, 30, 26, 28 ], 
      [ 14, 17, 9, 26, 12, 28, 19, 21, 8, 22, 24, 11, 29, 4, 20, 30, 6, 23, 
          13, 15, 3, 16, 18, 5, 25, 1, 27, 2, 7, 10 ], 
      [ 13, 16, 8, 25, 11, 27, 4, 20, 7, 6, 23, 10, 15, 3, 19, 18, 5, 22, 1, 
          14, 29, 2, 17, 30, 9, 26, 12, 28, 21, 24 ], 
      [ 14, 17, 9, 26, 12, 28, 19, 21, 8, 22, 24, 11, 29, 4, 20, 30, 6, 23, 
          13, 15, 3, 16, 18, 5, 25, 1, 27, 2, 7, 10 ], 
      [ 13, 16, 8, 25, 11, 27, 4, 20, 7, 6, 23, 10, 15, 3, 19, 18, 5, 22, 1, 
          14, 29, 2, 17, 30, 9, 26, 12, 28, 21, 24 ], 
      [ 8, 11, 4, 20, 6, 23, 13, 15, 3, 16, 18, 5, 25, 1, 14, 27, 2, 17, 7, 
          9, 26, 10, 12, 28, 19, 21, 22, 24, 29, 30 ], 
      [ 8, 11, 4, 20, 6, 23, 13, 15, 3, 16, 18, 5, 25, 1, 14, 27, 2, 17, 7, 
          9, 26, 10, 12, 28, 19, 21, 22, 24, 29, 30 ] ],
  ordFix := 2,
  ordf := 4,
  psi := GroupHomomorphismByImages( Group( [ (1,2), (3,4,5), ( 6, 7, 8, 9,10) 
     ] ), Group( [ (1,2), (3,4,5), ( 6, 7, 8, 9,10) ] ), 
    [ (1,2), (3,4,5), ( 6, 7, 8, 9,10) ], [ (1,2), (3,5,4), ( 6, 8,10, 7, 9) 
     ] ) ),
# No.7
rec(
  G := Group( [ (1,2), (3,4,5), ( 6, 7, 8, 9,10) ] ),
  isConnected := false,
  matrix := 
   [ [ 1, 2, 7, 15, 10, 18, 3, 25, 4, 5, 27, 6, 20, 13, 21, 23, 16, 24, 8, 
          29, 9, 11, 30, 12, 26, 19, 28, 22, 14, 17 ], 
      [ 1, 2, 7, 15, 10, 18, 3, 25, 4, 5, 27, 6, 20, 13, 21, 23, 16, 24, 8, 
          29, 9, 11, 30, 12, 26, 19, 28, 22, 14, 17 ], 
      [ 7, 10, 3, 25, 5, 27, 1, 20, 13, 2, 23, 16, 15, 8, 29, 18, 11, 30, 4, 
          26, 19, 6, 28, 22, 21, 14, 24, 17, 9, 12 ], 
      [ 15, 18, 25, 4, 27, 6, 20, 13, 21, 23, 16, 24, 8, 29, 9, 11, 30, 12, 
          26, 19, 1, 28, 22, 2, 14, 7, 17, 10, 3, 5 ], 
      [ 7, 10, 3, 25, 5, 27, 1, 20, 13, 2, 23, 16, 15, 8, 29, 18, 11, 30, 4, 
          26, 19, 6, 28, 22, 21, 14, 24, 17, 9, 12 ], 
      [ 15, 18, 25, 4, 27, 6, 20, 13, 21, 23, 16, 24, 8, 29, 9, 11, 30, 12, 
          26, 19, 1, 28, 22, 2, 14, 7, 17, 10, 3, 5 ], 
      [ 3, 5, 1, 20, 2, 23, 7, 15, 8, 10, 18, 11, 25, 4, 26, 27, 6, 28, 13, 
          21, 14, 16, 24, 17, 29, 9, 30, 12, 19, 22 ], 
      [ 25, 27, 20, 13, 23, 16, 15, 8, 29, 18, 11, 30, 4, 26, 19, 6, 28, 22, 
          21, 14, 7, 24, 17, 10, 9, 3, 12, 5, 1, 2 ], 
      [ 4, 6, 13, 21, 16, 24, 8, 29, 9, 11, 30, 12, 26, 19, 1, 28, 22, 2, 14, 
          7, 15, 17, 10, 18, 3, 25, 5, 27, 20, 23 ], 
      [ 3, 5, 1, 20, 2, 23, 7, 15, 8, 10, 18, 11, 25, 4, 26, 27, 6, 28, 13, 
          21, 14, 16, 24, 17, 29, 9, 30, 12, 19, 22 ], 
      [ 25, 27, 20, 13, 23, 16, 15, 8, 29, 18, 11, 30, 4, 26, 19, 6, 28, 22, 
          21, 14, 7, 24, 17, 10, 9, 3, 12, 5, 1, 2 ], 
      [ 4, 6, 13, 21, 16, 24, 8, 29, 9, 11, 30, 12, 26, 19, 1, 28, 22, 2, 14, 
          7, 15, 17, 10, 18, 3, 25, 5, 27, 20, 23 ], 
      [ 20, 23, 15, 8, 18, 11, 25, 4, 26, 27, 6, 28, 13, 21, 14, 16, 24, 17, 
          29, 9, 3, 30, 12, 5, 19, 1, 22, 2, 7, 10 ], 
      [ 13, 16, 8, 29, 11, 30, 4, 26, 19, 6, 28, 22, 21, 14, 7, 24, 17, 10, 
          9, 3, 25, 12, 5, 27, 1, 20, 2, 23, 15, 18 ], 
      [ 21, 24, 29, 9, 30, 12, 26, 19, 1, 28, 22, 2, 14, 7, 15, 17, 10, 18, 
          3, 25, 4, 5, 27, 6, 20, 13, 23, 16, 8, 11 ], 
      [ 20, 23, 15, 8, 18, 11, 25, 4, 26, 27, 6, 28, 13, 21, 14, 16, 24, 17, 
          29, 9, 3, 30, 12, 5, 19, 1, 22, 2, 7, 10 ], 
      [ 13, 16, 8, 29, 11, 30, 4, 26, 19, 6, 28, 22, 21, 14, 7, 24, 17, 10, 
          9, 3, 25, 12, 5, 27, 1, 20, 2, 23, 15, 18 ], 
      [ 21, 24, 29, 9, 30, 12, 26, 19, 1, 28, 22, 2, 14, 7, 15, 17, 10, 18, 
          3, 25, 4, 5, 27, 6, 20, 13, 23, 16, 8, 11 ], 
      [ 8, 11, 4, 26, 6, 28, 13, 21, 14, 16, 24, 17, 29, 9, 3, 30, 12, 5, 19, 
          1, 20, 22, 2, 23, 7, 15, 10, 18, 25, 27 ], 
      [ 29, 30, 26, 19, 28, 22, 21, 14, 7, 24, 17, 10, 9, 3, 25, 12, 5, 27, 
          1, 20, 13, 2, 23, 16, 15, 8, 18, 11, 4, 6 ], 
      [ 9, 12, 19, 1, 22, 2, 14, 7, 15, 17, 10, 18, 3, 25, 4, 5, 27, 6, 20, 
          13, 21, 23, 16, 24, 8, 29, 11, 30, 26, 28 ], 
      [ 8, 11, 4, 26, 6, 28, 13, 21, 14, 16, 24, 17, 29, 9, 3, 30, 12, 5, 19, 
          1, 20, 22, 2, 23, 7, 15, 10, 18, 25, 27 ], 
      [ 29, 30, 26, 19, 28, 22, 21, 14, 7, 24, 17, 10, 9, 3, 25, 12, 5, 27, 
          1, 20, 13, 2, 23, 16, 15, 8, 18, 11, 4, 6 ], 
      [ 9, 12, 19, 1, 22, 2, 14, 7, 15, 17, 10, 18, 3, 25, 4, 5, 27, 6, 20, 
          13, 21, 23, 16, 24, 8, 29, 11, 30, 26, 28 ], 
      [ 26, 28, 21, 14, 24, 17, 29, 9, 3, 30, 12, 5, 19, 1, 20, 22, 2, 23, 7, 
          15, 8, 10, 18, 11, 25, 4, 27, 6, 13, 16 ], 
      [ 19, 22, 14, 7, 17, 10, 9, 3, 25, 12, 5, 27, 1, 20, 13, 2, 23, 16, 15, 
          8, 29, 18, 11, 30, 4, 26, 6, 28, 21, 24 ], 
      [ 26, 28, 21, 14, 24, 17, 29, 9, 3, 30, 12, 5, 19, 1, 20, 22, 2, 23, 7, 
          15, 8, 10, 18, 11, 25, 4, 27, 6, 13, 16 ], 
      [ 19, 22, 14, 7, 17, 10, 9, 3, 25, 12, 5, 27, 1, 20, 13, 2, 23, 16, 15, 
          8, 29, 18, 11, 30, 4, 26, 6, 28, 21, 24 ], 
      [ 14, 17, 9, 3, 12, 5, 19, 1, 20, 22, 2, 23, 7, 15, 8, 10, 18, 11, 25, 
          4, 26, 27, 6, 28, 13, 21, 16, 24, 29, 30 ], 
      [ 14, 17, 9, 3, 12, 5, 19, 1, 20, 22, 2, 23, 7, 15, 8, 10, 18, 11, 25, 
          4, 26, 27, 6, 28, 13, 21, 16, 24, 29, 30 ] ],
  ordFix := 2,
  ordf := 4,
  psi := GroupHomomorphismByImages( Group( [ (1,2), (3,4,5), ( 6, 7, 8, 9,10) 
     ] ), Group( [ (1,2), (3,4,5), ( 6, 7, 8, 9,10) ] ), 
    [ (1,2), (3,4,5), ( 6, 7, 8, 9,10) ], [ (1,2), (3,5,4), ( 6, 9, 7,10, 8) 
     ] ) ),
# No.8
rec(
  G := Group( [ (1,2), (3,4,5), ( 6, 7, 8, 9,10) ] ),
  isConnected := false,
  matrix := 
   [ [ 1, 2, 7, 21, 10, 24, 3, 29, 15, 5, 30, 18, 26, 25, 9, 28, 27, 12, 20, 
          19, 4, 23, 22, 6, 14, 13, 17, 16, 8, 11 ], 
      [ 1, 2, 7, 21, 10, 24, 3, 29, 15, 5, 30, 18, 26, 25, 9, 28, 27, 12, 20, 
          19, 4, 23, 22, 6, 14, 13, 17, 16, 8, 11 ], 
      [ 7, 10, 3, 29, 5, 30, 1, 26, 25, 2, 28, 27, 21, 20, 19, 24, 23, 22, 
          15, 14, 13, 18, 17, 16, 9, 8, 12, 11, 4, 6 ], 
      [ 9, 12, 19, 4, 22, 6, 14, 13, 1, 17, 16, 2, 8, 7, 21, 11, 10, 24, 3, 
          29, 15, 5, 30, 18, 26, 25, 28, 27, 20, 23 ], 
      [ 7, 10, 3, 29, 5, 30, 1, 26, 25, 2, 28, 27, 21, 20, 19, 24, 23, 22, 
          15, 14, 13, 18, 17, 16, 9, 8, 12, 11, 4, 6 ], 
      [ 9, 12, 19, 4, 22, 6, 14, 13, 1, 17, 16, 2, 8, 7, 21, 11, 10, 24, 3, 
          29, 15, 5, 30, 18, 26, 25, 28, 27, 20, 23 ], 
      [ 3, 5, 1, 26, 2, 28, 7, 21, 20, 10, 24, 23, 29, 15, 14, 30, 18, 17, 
          25, 9, 8, 27, 12, 11, 19, 4, 22, 6, 13, 16 ], 
      [ 19, 22, 14, 13, 17, 16, 9, 8, 7, 12, 11, 10, 4, 3, 29, 6, 5, 30, 1, 
          26, 25, 2, 28, 27, 21, 20, 24, 23, 15, 18 ], 
      [ 21, 24, 29, 15, 30, 18, 26, 25, 9, 28, 27, 12, 20, 19, 4, 23, 22, 6, 
          14, 13, 1, 17, 16, 2, 8, 7, 11, 10, 3, 5 ], 
      [ 3, 5, 1, 26, 2, 28, 7, 21, 20, 10, 24, 23, 29, 15, 14, 30, 18, 17, 
          25, 9, 8, 27, 12, 11, 19, 4, 22, 6, 13, 16 ], 
      [ 19, 22, 14, 13, 17, 16, 9, 8, 7, 12, 11, 10, 4, 3, 29, 6, 5, 30, 1, 
          26, 25, 2, 28, 27, 21, 20, 24, 23, 15, 18 ], 
      [ 21, 24, 29, 15, 30, 18, 26, 25, 9, 28, 27, 12, 20, 19, 4, 23, 22, 6, 
          14, 13, 1, 17, 16, 2, 8, 7, 11, 10, 3, 5 ], 
      [ 14, 17, 9, 8, 12, 11, 19, 4, 3, 22, 6, 5, 13, 1, 26, 16, 2, 28, 7, 
          21, 20, 10, 24, 23, 29, 15, 30, 18, 25, 27 ], 
      [ 29, 30, 26, 25, 28, 27, 21, 20, 19, 24, 23, 22, 15, 14, 13, 18, 17, 
          16, 9, 8, 7, 12, 11, 10, 4, 3, 6, 5, 1, 2 ], 
      [ 4, 6, 13, 1, 16, 2, 8, 7, 21, 11, 10, 24, 3, 29, 15, 5, 30, 18, 26, 
          25, 9, 28, 27, 12, 20, 19, 23, 22, 14, 17 ], 
      [ 14, 17, 9, 8, 12, 11, 19, 4, 3, 22, 6, 5, 13, 1, 26, 16, 2, 28, 7, 
          21, 20, 10, 24, 23, 29, 15, 30, 18, 25, 27 ], 
      [ 29, 30, 26, 25, 28, 27, 21, 20, 19, 24, 23, 22, 15, 14, 13, 18, 17, 
          16, 9, 8, 7, 12, 11, 10, 4, 3, 6, 5, 1, 2 ], 
      [ 4, 6, 13, 1, 16, 2, 8, 7, 21, 11, 10, 24, 3, 29, 15, 5, 30, 18, 26, 
          25, 9, 28, 27, 12, 20, 19, 23, 22, 14, 17 ], 
      [ 26, 28, 21, 20, 24, 23, 29, 15, 14, 30, 18, 17, 25, 9, 8, 27, 12, 11, 
          19, 4, 3, 22, 6, 5, 13, 1, 16, 2, 7, 10 ], 
      [ 13, 16, 8, 7, 11, 10, 4, 3, 29, 6, 5, 30, 1, 26, 25, 2, 28, 27, 21, 
          20, 19, 24, 23, 22, 15, 14, 18, 17, 9, 12 ], 
      [ 15, 18, 25, 9, 27, 12, 20, 19, 4, 23, 22, 6, 14, 13, 1, 17, 16, 2, 8, 
          7, 21, 11, 10, 24, 3, 29, 5, 30, 26, 28 ], 
      [ 26, 28, 21, 20, 24, 23, 29, 15, 14, 30, 18, 17, 25, 9, 8, 27, 12, 11, 
          19, 4, 3, 22, 6, 5, 13, 1, 16, 2, 7, 10 ], 
      [ 13, 16, 8, 7, 11, 10, 4, 3, 29, 6, 5, 30, 1, 26, 25, 2, 28, 27, 21, 
          20, 19, 24, 23, 22, 15, 14, 18, 17, 9, 12 ], 
      [ 15, 18, 25, 9, 27, 12, 20, 19, 4, 23, 22, 6, 14, 13, 1, 17, 16, 2, 8, 
          7, 21, 11, 10, 24, 3, 29, 5, 30, 26, 28 ], 
      [ 8, 11, 4, 3, 6, 5, 13, 1, 26, 16, 2, 28, 7, 21, 20, 10, 24, 23, 29, 
          15, 14, 30, 18, 17, 25, 9, 27, 12, 19, 22 ], 
      [ 25, 27, 20, 19, 23, 22, 15, 14, 13, 18, 17, 16, 9, 8, 7, 12, 11, 10, 
          4, 3, 29, 6, 5, 30, 1, 26, 2, 28, 21, 24 ], 
      [ 8, 11, 4, 3, 6, 5, 13, 1, 26, 16, 2, 28, 7, 21, 20, 10, 24, 23, 29, 
          15, 14, 30, 18, 17, 25, 9, 27, 12, 19, 22 ], 
      [ 25, 27, 20, 19, 23, 22, 15, 14, 13, 18, 17, 16, 9, 8, 7, 12, 11, 10, 
          4, 3, 29, 6, 5, 30, 1, 26, 2, 28, 21, 24 ], 
      [ 20, 23, 15, 14, 18, 17, 25, 9, 8, 27, 12, 11, 19, 4, 3, 22, 6, 5, 13, 
          1, 26, 16, 2, 28, 7, 21, 10, 24, 29, 30 ], 
      [ 20, 23, 15, 14, 18, 17, 25, 9, 8, 27, 12, 11, 19, 4, 3, 22, 6, 5, 13, 
          1, 26, 16, 2, 28, 7, 21, 10, 24, 29, 30 ] ],
  ordFix := 2,
  ordf := 2,
  psi := GroupHomomorphismByImages( Group( [ (1,2), (3,4,5), ( 6, 7, 8, 9,10) 
     ] ), Group( [ (1,2), (3,4,5), ( 6, 7, 8, 9,10) ] ), 
    [ (1,2), (3,4,5), ( 6, 7, 8, 9,10) ], [ (1,2), (3,5,4), ( 6,10, 9, 8, 7) 
     ] ) ),
# No.9
rec(
  G := Group( [ (7,8), (1,2,3,4,5), (6,7,8) ] ),
  isConnected := false,
  matrix := 
   [ [ 1, 12, 7, 4, 24, 2, 19, 14, 9, 30, 10, 6, 3, 25, 21, 18, 22, 17, 13, 
          8, 29, 28, 5, 27, 20, 15, 16, 11, 26, 23 ], 
      [ 4, 2, 14, 9, 10, 6, 25, 21, 1, 22, 17, 12, 8, 29, 7, 5, 27, 24, 20, 
          15, 19, 16, 11, 30, 26, 3, 23, 18, 13, 28 ], 
      [ 19, 30, 3, 25, 18, 22, 13, 8, 29, 28, 5, 27, 1, 20, 15, 12, 16, 11, 
          7, 4, 26, 24, 2, 23, 14, 9, 10, 6, 21, 17 ], 
      [ 1, 12, 7, 4, 24, 2, 19, 14, 9, 30, 10, 6, 3, 25, 21, 18, 22, 17, 13, 
          8, 29, 28, 5, 27, 20, 15, 16, 11, 26, 23 ], 
      [ 25, 22, 8, 29, 5, 27, 20, 15, 19, 16, 11, 30, 4, 26, 3, 2, 23, 18, 
          14, 9, 13, 10, 6, 28, 21, 1, 17, 12, 7, 24 ], 
      [ 4, 2, 14, 9, 10, 6, 25, 21, 1, 22, 17, 12, 8, 29, 7, 5, 27, 24, 20, 
          15, 19, 16, 11, 30, 26, 3, 23, 18, 13, 28 ], 
      [ 13, 28, 1, 20, 12, 16, 7, 4, 26, 24, 2, 23, 19, 14, 9, 30, 10, 6, 3, 
          25, 21, 18, 22, 17, 8, 29, 5, 27, 15, 11 ], 
      [ 19, 30, 3, 25, 18, 22, 13, 8, 29, 28, 5, 27, 1, 20, 15, 12, 16, 11, 
          7, 4, 26, 24, 2, 23, 14, 9, 10, 6, 21, 17 ], 
      [ 1, 12, 7, 4, 24, 2, 19, 14, 9, 30, 10, 6, 3, 25, 21, 18, 22, 17, 13, 
          8, 29, 28, 5, 27, 20, 15, 16, 11, 26, 23 ], 
      [ 20, 16, 4, 26, 2, 23, 14, 9, 13, 10, 6, 28, 25, 21, 1, 22, 17, 12, 8, 
          29, 7, 5, 27, 24, 15, 19, 11, 30, 3, 18 ], 
      [ 25, 22, 8, 29, 5, 27, 20, 15, 19, 16, 11, 30, 4, 26, 3, 2, 23, 18, 
          14, 9, 13, 10, 6, 28, 21, 1, 17, 12, 7, 24 ], 
      [ 4, 2, 14, 9, 10, 6, 25, 21, 1, 22, 17, 12, 8, 29, 7, 5, 27, 24, 20, 
          15, 19, 16, 11, 30, 26, 3, 23, 18, 13, 28 ], 
      [ 7, 24, 19, 14, 30, 10, 3, 25, 21, 18, 22, 17, 13, 8, 29, 28, 5, 27, 
          1, 20, 15, 12, 16, 11, 4, 26, 2, 23, 9, 6 ], 
      [ 13, 28, 1, 20, 12, 16, 7, 4, 26, 24, 2, 23, 19, 14, 9, 30, 10, 6, 3, 
          25, 21, 18, 22, 17, 8, 29, 5, 27, 15, 11 ], 
      [ 19, 30, 3, 25, 18, 22, 13, 8, 29, 28, 5, 27, 1, 20, 15, 12, 16, 11, 
          7, 4, 26, 24, 2, 23, 14, 9, 10, 6, 21, 17 ], 
      [ 14, 10, 25, 21, 22, 17, 8, 29, 7, 5, 27, 24, 20, 15, 19, 16, 11, 30, 
          4, 26, 3, 2, 23, 18, 9, 13, 6, 28, 1, 12 ], 
      [ 20, 16, 4, 26, 2, 23, 14, 9, 13, 10, 6, 28, 25, 21, 1, 22, 17, 12, 8, 
          29, 7, 5, 27, 24, 15, 19, 11, 30, 3, 18 ], 
      [ 25, 22, 8, 29, 5, 27, 20, 15, 19, 16, 11, 30, 4, 26, 3, 2, 23, 18, 
          14, 9, 13, 10, 6, 28, 21, 1, 17, 12, 7, 24 ], 
      [ 3, 18, 13, 8, 28, 5, 1, 20, 15, 12, 16, 11, 7, 4, 26, 24, 2, 23, 19, 
          14, 9, 30, 10, 6, 25, 21, 22, 17, 29, 27 ], 
      [ 7, 24, 19, 14, 30, 10, 3, 25, 21, 18, 22, 17, 13, 8, 29, 28, 5, 27, 
          1, 20, 15, 12, 16, 11, 4, 26, 2, 23, 9, 6 ], 
      [ 13, 28, 1, 20, 12, 16, 7, 4, 26, 24, 2, 23, 19, 14, 9, 30, 10, 6, 3, 
          25, 21, 18, 22, 17, 8, 29, 5, 27, 15, 11 ], 
      [ 8, 5, 20, 15, 16, 11, 4, 26, 3, 2, 23, 18, 14, 9, 13, 10, 6, 28, 25, 
          21, 1, 22, 17, 12, 29, 7, 27, 24, 19, 30 ], 
      [ 14, 10, 25, 21, 22, 17, 8, 29, 7, 5, 27, 24, 20, 15, 19, 16, 11, 30, 
          4, 26, 3, 2, 23, 18, 9, 13, 6, 28, 1, 12 ], 
      [ 20, 16, 4, 26, 2, 23, 14, 9, 13, 10, 6, 28, 25, 21, 1, 22, 17, 12, 8, 
          29, 7, 5, 27, 24, 15, 19, 11, 30, 3, 18 ], 
      [ 3, 18, 13, 8, 28, 5, 1, 20, 15, 12, 16, 11, 7, 4, 26, 24, 2, 23, 19, 
          14, 9, 30, 10, 6, 25, 21, 22, 17, 29, 27 ], 
      [ 7, 24, 19, 14, 30, 10, 3, 25, 21, 18, 22, 17, 13, 8, 29, 28, 5, 27, 
          1, 20, 15, 12, 16, 11, 4, 26, 2, 23, 9, 6 ], 
      [ 8, 5, 20, 15, 16, 11, 4, 26, 3, 2, 23, 18, 14, 9, 13, 10, 6, 28, 25, 
          21, 1, 22, 17, 12, 29, 7, 27, 24, 19, 30 ], 
      [ 14, 10, 25, 21, 22, 17, 8, 29, 7, 5, 27, 24, 20, 15, 19, 16, 11, 30, 
          4, 26, 3, 2, 23, 18, 9, 13, 6, 28, 1, 12 ], 
      [ 3, 18, 13, 8, 28, 5, 1, 20, 15, 12, 16, 11, 7, 4, 26, 24, 2, 23, 19, 
          14, 9, 30, 10, 6, 25, 21, 22, 17, 29, 27 ], 
      [ 8, 5, 20, 15, 16, 11, 4, 26, 3, 2, 23, 18, 14, 9, 13, 10, 6, 28, 25, 
          21, 1, 22, 17, 12, 29, 7, 27, 24, 19, 30 ] ],
  ordFix := 3,
  ordf := 12,
  psi := GroupGeneralMappingByImages( Group( [ (7,8), (1,2,3,4,5), (6,7,8) 
     ] ), Group( [ (7,8), (1,2,3,4,5), (6,7,8) ] ), 
    [ (7,8), (1,2,3,4,5), (6,7,8) ], [ (6,8), (1,3,5,2,4), (6,7,8) ] ) ),
# No.10
rec(
  G := Group( [ (7,8), (1,2,3,4,5), (6,7,8) ] ),
  isConnected := false,
  matrix := 
   [ [ 1, 12, 3, 4, 18, 2, 7, 8, 9, 24, 5, 6, 13, 14, 15, 28, 10, 11, 19, 20, 
          21, 30, 16, 17, 25, 26, 22, 23, 29, 27 ], 
      [ 4, 2, 8, 9, 5, 6, 14, 15, 1, 10, 11, 12, 20, 21, 3, 16, 17, 18, 25, 
          26, 7, 22, 23, 24, 29, 13, 27, 28, 19, 30 ], 
      [ 1, 12, 3, 4, 18, 2, 7, 8, 9, 24, 5, 6, 13, 14, 15, 28, 10, 11, 19, 
          20, 21, 30, 16, 17, 25, 26, 22, 23, 29, 27 ], 
      [ 1, 12, 3, 4, 18, 2, 7, 8, 9, 24, 5, 6, 13, 14, 15, 28, 10, 11, 19, 
          20, 21, 30, 16, 17, 25, 26, 22, 23, 29, 27 ], 
      [ 4, 2, 8, 9, 5, 6, 14, 15, 1, 10, 11, 12, 20, 21, 3, 16, 17, 18, 25, 
          26, 7, 22, 23, 24, 29, 13, 27, 28, 19, 30 ], 
      [ 4, 2, 8, 9, 5, 6, 14, 15, 1, 10, 11, 12, 20, 21, 3, 16, 17, 18, 25, 
          26, 7, 22, 23, 24, 29, 13, 27, 28, 19, 30 ], 
      [ 1, 12, 3, 4, 18, 2, 7, 8, 9, 24, 5, 6, 13, 14, 15, 28, 10, 11, 19, 
          20, 21, 30, 16, 17, 25, 26, 22, 23, 29, 27 ], 
      [ 1, 12, 3, 4, 18, 2, 7, 8, 9, 24, 5, 6, 13, 14, 15, 28, 10, 11, 19, 
          20, 21, 30, 16, 17, 25, 26, 22, 23, 29, 27 ], 
      [ 1, 12, 3, 4, 18, 2, 7, 8, 9, 24, 5, 6, 13, 14, 15, 28, 10, 11, 19, 
          20, 21, 30, 16, 17, 25, 26, 22, 23, 29, 27 ], 
      [ 4, 2, 8, 9, 5, 6, 14, 15, 1, 10, 11, 12, 20, 21, 3, 16, 17, 18, 25, 
          26, 7, 22, 23, 24, 29, 13, 27, 28, 19, 30 ], 
      [ 4, 2, 8, 9, 5, 6, 14, 15, 1, 10, 11, 12, 20, 21, 3, 16, 17, 18, 25, 
          26, 7, 22, 23, 24, 29, 13, 27, 28, 19, 30 ], 
      [ 4, 2, 8, 9, 5, 6, 14, 15, 1, 10, 11, 12, 20, 21, 3, 16, 17, 18, 25, 
          26, 7, 22, 23, 24, 29, 13, 27, 28, 19, 30 ], 
      [ 1, 12, 3, 4, 18, 2, 7, 8, 9, 24, 5, 6, 13, 14, 15, 28, 10, 11, 19, 
          20, 21, 30, 16, 17, 25, 26, 22, 23, 29, 27 ], 
      [ 1, 12, 3, 4, 18, 2, 7, 8, 9, 24, 5, 6, 13, 14, 15, 28, 10, 11, 19, 
          20, 21, 30, 16, 17, 25, 26, 22, 23, 29, 27 ], 
      [ 1, 12, 3, 4, 18, 2, 7, 8, 9, 24, 5, 6, 13, 14, 15, 28, 10, 11, 19, 
          20, 21, 30, 16, 17, 25, 26, 22, 23, 29, 27 ], 
      [ 4, 2, 8, 9, 5, 6, 14, 15, 1, 10, 11, 12, 20, 21, 3, 16, 17, 18, 25, 
          26, 7, 22, 23, 24, 29, 13, 27, 28, 19, 30 ], 
      [ 4, 2, 8, 9, 5, 6, 14, 15, 1, 10, 11, 12, 20, 21, 3, 16, 17, 18, 25, 
          26, 7, 22, 23, 24, 29, 13, 27, 28, 19, 30 ], 
      [ 4, 2, 8, 9, 5, 6, 14, 15, 1, 10, 11, 12, 20, 21, 3, 16, 17, 18, 25, 
          26, 7, 22, 23, 24, 29, 13, 27, 28, 19, 30 ], 
      [ 1, 12, 3, 4, 18, 2, 7, 8, 9, 24, 5, 6, 13, 14, 15, 28, 10, 11, 19, 
          20, 21, 30, 16, 17, 25, 26, 22, 23, 29, 27 ], 
      [ 1, 12, 3, 4, 18, 2, 7, 8, 9, 24, 5, 6, 13, 14, 15, 28, 10, 11, 19, 
          20, 21, 30, 16, 17, 25, 26, 22, 23, 29, 27 ], 
      [ 1, 12, 3, 4, 18, 2, 7, 8, 9, 24, 5, 6, 13, 14, 15, 28, 10, 11, 19, 
          20, 21, 30, 16, 17, 25, 26, 22, 23, 29, 27 ], 
      [ 4, 2, 8, 9, 5, 6, 14, 15, 1, 10, 11, 12, 20, 21, 3, 16, 17, 18, 25, 
          26, 7, 22, 23, 24, 29, 13, 27, 28, 19, 30 ], 
      [ 4, 2, 8, 9, 5, 6, 14, 15, 1, 10, 11, 12, 20, 21, 3, 16, 17, 18, 25, 
          26, 7, 22, 23, 24, 29, 13, 27, 28, 19, 30 ], 
      [ 4, 2, 8, 9, 5, 6, 14, 15, 1, 10, 11, 12, 20, 21, 3, 16, 17, 18, 25, 
          26, 7, 22, 23, 24, 29, 13, 27, 28, 19, 30 ], 
      [ 1, 12, 3, 4, 18, 2, 7, 8, 9, 24, 5, 6, 13, 14, 15, 28, 10, 11, 19, 
          20, 21, 30, 16, 17, 25, 26, 22, 23, 29, 27 ], 
      [ 1, 12, 3, 4, 18, 2, 7, 8, 9, 24, 5, 6, 13, 14, 15, 28, 10, 11, 19, 
          20, 21, 30, 16, 17, 25, 26, 22, 23, 29, 27 ], 
      [ 4, 2, 8, 9, 5, 6, 14, 15, 1, 10, 11, 12, 20, 21, 3, 16, 17, 18, 25, 
          26, 7, 22, 23, 24, 29, 13, 27, 28, 19, 30 ], 
      [ 4, 2, 8, 9, 5, 6, 14, 15, 1, 10, 11, 12, 20, 21, 3, 16, 17, 18, 25, 
          26, 7, 22, 23, 24, 29, 13, 27, 28, 19, 30 ], 
      [ 1, 12, 3, 4, 18, 2, 7, 8, 9, 24, 5, 6, 13, 14, 15, 28, 10, 11, 19, 
          20, 21, 30, 16, 17, 25, 26, 22, 23, 29, 27 ], 
      [ 4, 2, 8, 9, 5, 6, 14, 15, 1, 10, 11, 12, 20, 21, 3, 16, 17, 18, 25, 
          26, 7, 22, 23, 24, 29, 13, 27, 28, 19, 30 ] ],
  ordFix := 15,
  ordf := 3,
  psi := GroupGeneralMappingByImages( Group( [ (7,8), (1,2,3,4,5), (6,7,8) 
     ] ), Group( [ (7,8), (1,2,3,4,5), (6,7,8) ] ), 
    [ (7,8), (1,2,3,4,5), (6,7,8) ], [ (6,8), (1,2,3,4,5), (6,7,8) ] ) ),
# No.11
rec(
  G := Group( [ (7,8), (1,2,3,4,5), (6,7,8) ] ),
  isConnected := false,
  matrix := 
   [ [ 1, 12, 13, 4, 28, 2, 3, 20, 9, 18, 16, 6, 19, 8, 26, 30, 5, 23, 7, 25, 
          15, 24, 22, 11, 14, 29, 10, 27, 21, 17 ], 
      [ 4, 2, 20, 9, 16, 6, 8, 26, 1, 5, 23, 12, 25, 15, 13, 22, 11, 28, 14, 
          29, 3, 10, 27, 18, 21, 19, 17, 30, 7, 24 ], 
      [ 13, 28, 3, 20, 18, 16, 19, 8, 26, 30, 5, 23, 7, 25, 15, 24, 22, 11, 
          1, 14, 29, 12, 10, 27, 4, 21, 2, 17, 9, 6 ], 
      [ 1, 12, 13, 4, 28, 2, 3, 20, 9, 18, 16, 6, 19, 8, 26, 30, 5, 23, 7, 
          25, 15, 24, 22, 11, 14, 29, 10, 27, 21, 17 ], 
      [ 20, 16, 8, 26, 5, 23, 25, 15, 13, 22, 11, 28, 14, 29, 3, 10, 27, 18, 
          4, 21, 19, 2, 17, 30, 9, 7, 6, 24, 1, 12 ], 
      [ 4, 2, 20, 9, 16, 6, 8, 26, 1, 5, 23, 12, 25, 15, 13, 22, 11, 28, 14, 
          29, 3, 10, 27, 18, 21, 19, 17, 30, 7, 24 ], 
      [ 3, 18, 19, 8, 30, 5, 7, 25, 15, 24, 22, 11, 1, 14, 29, 12, 10, 27, 
          13, 4, 21, 28, 2, 17, 20, 9, 16, 6, 26, 23 ], 
      [ 13, 28, 3, 20, 18, 16, 19, 8, 26, 30, 5, 23, 7, 25, 15, 24, 22, 11, 
          1, 14, 29, 12, 10, 27, 4, 21, 2, 17, 9, 6 ], 
      [ 1, 12, 13, 4, 28, 2, 3, 20, 9, 18, 16, 6, 19, 8, 26, 30, 5, 23, 7, 
          25, 15, 24, 22, 11, 14, 29, 10, 27, 21, 17 ], 
      [ 8, 5, 25, 15, 22, 11, 14, 29, 3, 10, 27, 18, 4, 21, 19, 2, 17, 30, 
          20, 9, 7, 16, 6, 24, 26, 1, 23, 12, 13, 28 ], 
      [ 20, 16, 8, 26, 5, 23, 25, 15, 13, 22, 11, 28, 14, 29, 3, 10, 27, 18, 
          4, 21, 19, 2, 17, 30, 9, 7, 6, 24, 1, 12 ], 
      [ 4, 2, 20, 9, 16, 6, 8, 26, 1, 5, 23, 12, 25, 15, 13, 22, 11, 28, 14, 
          29, 3, 10, 27, 18, 21, 19, 17, 30, 7, 24 ], 
      [ 19, 30, 7, 25, 24, 22, 1, 14, 29, 12, 10, 27, 13, 4, 21, 28, 2, 17, 
          3, 20, 9, 18, 16, 6, 8, 26, 5, 23, 15, 11 ], 
      [ 3, 18, 19, 8, 30, 5, 7, 25, 15, 24, 22, 11, 1, 14, 29, 12, 10, 27, 
          13, 4, 21, 28, 2, 17, 20, 9, 16, 6, 26, 23 ], 
      [ 13, 28, 3, 20, 18, 16, 19, 8, 26, 30, 5, 23, 7, 25, 15, 24, 22, 11, 
          1, 14, 29, 12, 10, 27, 4, 21, 2, 17, 9, 6 ], 
      [ 25, 22, 14, 29, 10, 27, 4, 21, 19, 2, 17, 30, 20, 9, 7, 16, 6, 24, 8, 
          26, 1, 5, 23, 12, 15, 13, 11, 28, 3, 18 ], 
      [ 8, 5, 25, 15, 22, 11, 14, 29, 3, 10, 27, 18, 4, 21, 19, 2, 17, 30, 
          20, 9, 7, 16, 6, 24, 26, 1, 23, 12, 13, 28 ], 
      [ 20, 16, 8, 26, 5, 23, 25, 15, 13, 22, 11, 28, 14, 29, 3, 10, 27, 18, 
          4, 21, 19, 2, 17, 30, 9, 7, 6, 24, 1, 12 ], 
      [ 7, 24, 1, 14, 12, 10, 13, 4, 21, 28, 2, 17, 3, 20, 9, 18, 16, 6, 19, 
          8, 26, 30, 5, 23, 25, 15, 22, 11, 29, 27 ], 
      [ 19, 30, 7, 25, 24, 22, 1, 14, 29, 12, 10, 27, 13, 4, 21, 28, 2, 17, 
          3, 20, 9, 18, 16, 6, 8, 26, 5, 23, 15, 11 ], 
      [ 3, 18, 19, 8, 30, 5, 7, 25, 15, 24, 22, 11, 1, 14, 29, 12, 10, 27, 
          13, 4, 21, 28, 2, 17, 20, 9, 16, 6, 26, 23 ], 
      [ 14, 10, 4, 21, 2, 17, 20, 9, 7, 16, 6, 24, 8, 26, 1, 5, 23, 12, 25, 
          15, 13, 22, 11, 28, 29, 3, 27, 18, 19, 30 ], 
      [ 25, 22, 14, 29, 10, 27, 4, 21, 19, 2, 17, 30, 20, 9, 7, 16, 6, 24, 8, 
          26, 1, 5, 23, 12, 15, 13, 11, 28, 3, 18 ], 
      [ 8, 5, 25, 15, 22, 11, 14, 29, 3, 10, 27, 18, 4, 21, 19, 2, 17, 30, 
          20, 9, 7, 16, 6, 24, 26, 1, 23, 12, 13, 28 ], 
      [ 7, 24, 1, 14, 12, 10, 13, 4, 21, 28, 2, 17, 3, 20, 9, 18, 16, 6, 19, 
          8, 26, 30, 5, 23, 25, 15, 22, 11, 29, 27 ], 
      [ 19, 30, 7, 25, 24, 22, 1, 14, 29, 12, 10, 27, 13, 4, 21, 28, 2, 17, 
          3, 20, 9, 18, 16, 6, 8, 26, 5, 23, 15, 11 ], 
      [ 14, 10, 4, 21, 2, 17, 20, 9, 7, 16, 6, 24, 8, 26, 1, 5, 23, 12, 25, 
          15, 13, 22, 11, 28, 29, 3, 27, 18, 19, 30 ], 
      [ 25, 22, 14, 29, 10, 27, 4, 21, 19, 2, 17, 30, 20, 9, 7, 16, 6, 24, 8, 
          26, 1, 5, 23, 12, 15, 13, 11, 28, 3, 18 ], 
      [ 7, 24, 1, 14, 12, 10, 13, 4, 21, 28, 2, 17, 3, 20, 9, 18, 16, 6, 19, 
          8, 26, 30, 5, 23, 25, 15, 22, 11, 29, 27 ], 
      [ 14, 10, 4, 21, 2, 17, 20, 9, 7, 16, 6, 24, 8, 26, 1, 5, 23, 12, 25, 
          15, 13, 22, 11, 28, 29, 3, 27, 18, 19, 30 ] ],
  ordFix := 3,
  ordf := 12,
  psi := GroupGeneralMappingByImages( Group( [ (7,8), (1,2,3,4,5), (6,7,8) 
     ] ), Group( [ (7,8), (1,2,3,4,5), (6,7,8) ] ), 
    [ (7,8), (1,2,3,4,5), (6,7,8) ], [ (6,8), (1,4,2,5,3), (6,7,8) ] ) ),
# No.12
rec(
  G := Group( [ (7,8), (1,2,3,4,5), (6,7,8) ] ),
  isConnected := false,
  matrix := 
   [ [ 1, 12, 19, 4, 30, 2, 13, 25, 9, 28, 22, 6, 7, 20, 29, 24, 16, 27, 3, 
          14, 26, 18, 10, 23, 8, 21, 5, 17, 15, 11 ], 
      [ 4, 2, 25, 9, 22, 6, 20, 29, 1, 16, 27, 12, 14, 26, 19, 10, 23, 30, 8, 
          21, 13, 5, 17, 28, 15, 7, 11, 24, 3, 18 ], 
      [ 7, 24, 3, 14, 18, 10, 1, 8, 21, 12, 5, 17, 19, 4, 15, 30, 2, 11, 13, 
          25, 9, 28, 22, 6, 20, 29, 16, 27, 26, 23 ], 
      [ 1, 12, 19, 4, 30, 2, 13, 25, 9, 28, 22, 6, 7, 20, 29, 24, 16, 27, 3, 
          14, 26, 18, 10, 23, 8, 21, 5, 17, 15, 11 ], 
      [ 14, 10, 8, 21, 5, 17, 4, 15, 7, 2, 11, 24, 25, 9, 3, 22, 6, 18, 20, 
          29, 1, 16, 27, 12, 26, 19, 23, 30, 13, 28 ], 
      [ 4, 2, 25, 9, 22, 6, 20, 29, 1, 16, 27, 12, 14, 26, 19, 10, 23, 30, 8, 
          21, 13, 5, 17, 28, 15, 7, 11, 24, 3, 18 ], 
      [ 19, 30, 13, 25, 28, 22, 7, 20, 29, 24, 16, 27, 3, 14, 26, 18, 10, 23, 
          1, 8, 21, 12, 5, 17, 4, 15, 2, 11, 9, 6 ], 
      [ 7, 24, 3, 14, 18, 10, 1, 8, 21, 12, 5, 17, 19, 4, 15, 30, 2, 11, 13, 
          25, 9, 28, 22, 6, 20, 29, 16, 27, 26, 23 ], 
      [ 1, 12, 19, 4, 30, 2, 13, 25, 9, 28, 22, 6, 7, 20, 29, 24, 16, 27, 3, 
          14, 26, 18, 10, 23, 8, 21, 5, 17, 15, 11 ], 
      [ 25, 22, 20, 29, 16, 27, 14, 26, 19, 10, 23, 30, 8, 21, 13, 5, 17, 28, 
          4, 15, 7, 2, 11, 24, 9, 3, 6, 18, 1, 12 ], 
      [ 14, 10, 8, 21, 5, 17, 4, 15, 7, 2, 11, 24, 25, 9, 3, 22, 6, 18, 20, 
          29, 1, 16, 27, 12, 26, 19, 23, 30, 13, 28 ], 
      [ 4, 2, 25, 9, 22, 6, 20, 29, 1, 16, 27, 12, 14, 26, 19, 10, 23, 30, 8, 
          21, 13, 5, 17, 28, 15, 7, 11, 24, 3, 18 ], 
      [ 3, 18, 1, 8, 12, 5, 19, 4, 15, 30, 2, 11, 13, 25, 9, 28, 22, 6, 7, 
          20, 29, 24, 16, 27, 14, 26, 10, 23, 21, 17 ], 
      [ 19, 30, 13, 25, 28, 22, 7, 20, 29, 24, 16, 27, 3, 14, 26, 18, 10, 23, 
          1, 8, 21, 12, 5, 17, 4, 15, 2, 11, 9, 6 ], 
      [ 7, 24, 3, 14, 18, 10, 1, 8, 21, 12, 5, 17, 19, 4, 15, 30, 2, 11, 13, 
          25, 9, 28, 22, 6, 20, 29, 16, 27, 26, 23 ], 
      [ 8, 5, 4, 15, 2, 11, 25, 9, 3, 22, 6, 18, 20, 29, 1, 16, 27, 12, 14, 
          26, 19, 10, 23, 30, 21, 13, 17, 28, 7, 24 ], 
      [ 25, 22, 20, 29, 16, 27, 14, 26, 19, 10, 23, 30, 8, 21, 13, 5, 17, 28, 
          4, 15, 7, 2, 11, 24, 9, 3, 6, 18, 1, 12 ], 
      [ 14, 10, 8, 21, 5, 17, 4, 15, 7, 2, 11, 24, 25, 9, 3, 22, 6, 18, 20, 
          29, 1, 16, 27, 12, 26, 19, 23, 30, 13, 28 ], 
      [ 13, 28, 7, 20, 24, 16, 3, 14, 26, 18, 10, 23, 1, 8, 21, 12, 5, 17, 
          19, 4, 15, 30, 2, 11, 25, 9, 22, 6, 29, 27 ], 
      [ 3, 18, 1, 8, 12, 5, 19, 4, 15, 30, 2, 11, 13, 25, 9, 28, 22, 6, 7, 
          20, 29, 24, 16, 27, 14, 26, 10, 23, 21, 17 ], 
      [ 19, 30, 13, 25, 28, 22, 7, 20, 29, 24, 16, 27, 3, 14, 26, 18, 10, 23, 
          1, 8, 21, 12, 5, 17, 4, 15, 2, 11, 9, 6 ], 
      [ 20, 16, 14, 26, 10, 23, 8, 21, 13, 5, 17, 28, 4, 15, 7, 2, 11, 24, 
          25, 9, 3, 22, 6, 18, 29, 1, 27, 12, 19, 30 ], 
      [ 8, 5, 4, 15, 2, 11, 25, 9, 3, 22, 6, 18, 20, 29, 1, 16, 27, 12, 14, 
          26, 19, 10, 23, 30, 21, 13, 17, 28, 7, 24 ], 
      [ 25, 22, 20, 29, 16, 27, 14, 26, 19, 10, 23, 30, 8, 21, 13, 5, 17, 28, 
          4, 15, 7, 2, 11, 24, 9, 3, 6, 18, 1, 12 ], 
      [ 13, 28, 7, 20, 24, 16, 3, 14, 26, 18, 10, 23, 1, 8, 21, 12, 5, 17, 
          19, 4, 15, 30, 2, 11, 25, 9, 22, 6, 29, 27 ], 
      [ 3, 18, 1, 8, 12, 5, 19, 4, 15, 30, 2, 11, 13, 25, 9, 28, 22, 6, 7, 
          20, 29, 24, 16, 27, 14, 26, 10, 23, 21, 17 ], 
      [ 20, 16, 14, 26, 10, 23, 8, 21, 13, 5, 17, 28, 4, 15, 7, 2, 11, 24, 
          25, 9, 3, 22, 6, 18, 29, 1, 27, 12, 19, 30 ], 
      [ 8, 5, 4, 15, 2, 11, 25, 9, 3, 22, 6, 18, 20, 29, 1, 16, 27, 12, 14, 
          26, 19, 10, 23, 30, 21, 13, 17, 28, 7, 24 ], 
      [ 13, 28, 7, 20, 24, 16, 3, 14, 26, 18, 10, 23, 1, 8, 21, 12, 5, 17, 
          19, 4, 15, 30, 2, 11, 25, 9, 22, 6, 29, 27 ], 
      [ 20, 16, 14, 26, 10, 23, 8, 21, 13, 5, 17, 28, 4, 15, 7, 2, 11, 24, 
          25, 9, 3, 22, 6, 18, 29, 1, 27, 12, 19, 30 ] ],
  ordFix := 3,
  ordf := 6,
  psi := GroupGeneralMappingByImages( Group( [ (7,8), (1,2,3,4,5), (6,7,8) 
     ] ), Group( [ (7,8), (1,2,3,4,5), (6,7,8) ] ), 
    [ (7,8), (1,2,3,4,5), (6,7,8) ], [ (6,8), (1,5,4,3,2), (6,7,8) ] ) ),
# No.13
rec(
  G := Group( [ (5,8)(6,7), (1,2,3), (4,5,6,7,8) ] ),
  isConnected := false,
  matrix := 
   [ [ 1, 24, 7, 4, 30, 2, 3, 13, 9, 28, 10, 6, 8, 19, 15, 5, 16, 12, 14, 25, 
          21, 11, 22, 18, 20, 29, 17, 27, 26, 23 ], 
      [ 4, 2, 13, 9, 10, 6, 8, 19, 15, 5, 16, 12, 14, 25, 21, 11, 22, 18, 20, 
          29, 1, 17, 27, 24, 26, 7, 23, 30, 3, 28 ], 
      [ 7, 30, 3, 13, 28, 10, 1, 8, 19, 24, 5, 16, 4, 14, 25, 2, 11, 22, 9, 
          20, 29, 6, 17, 27, 15, 26, 12, 23, 21, 18 ], 
      [ 1, 24, 7, 4, 30, 2, 3, 13, 9, 28, 10, 6, 8, 19, 15, 5, 16, 12, 14, 
          25, 21, 11, 22, 18, 20, 29, 17, 27, 26, 23 ], 
      [ 13, 10, 8, 19, 5, 16, 4, 14, 25, 2, 11, 22, 9, 20, 29, 6, 17, 27, 15, 
          26, 7, 12, 23, 30, 21, 3, 18, 28, 1, 24 ], 
      [ 4, 2, 13, 9, 10, 6, 8, 19, 15, 5, 16, 12, 14, 25, 21, 11, 22, 18, 20, 
          29, 1, 17, 27, 24, 26, 7, 23, 30, 3, 28 ], 
      [ 3, 28, 1, 8, 24, 5, 7, 4, 14, 30, 2, 11, 13, 9, 20, 10, 6, 17, 19, 
          15, 26, 16, 12, 23, 25, 21, 22, 18, 29, 27 ], 
      [ 7, 30, 3, 13, 28, 10, 1, 8, 19, 24, 5, 16, 4, 14, 25, 2, 11, 22, 9, 
          20, 29, 6, 17, 27, 15, 26, 12, 23, 21, 18 ], 
      [ 1, 24, 7, 4, 30, 2, 3, 13, 9, 28, 10, 6, 8, 19, 15, 5, 16, 12, 14, 
          25, 21, 11, 22, 18, 20, 29, 17, 27, 26, 23 ], 
      [ 8, 5, 4, 14, 2, 11, 13, 9, 20, 10, 6, 17, 19, 15, 26, 16, 12, 23, 25, 
          21, 3, 22, 18, 28, 29, 1, 27, 24, 7, 30 ], 
      [ 13, 10, 8, 19, 5, 16, 4, 14, 25, 2, 11, 22, 9, 20, 29, 6, 17, 27, 15, 
          26, 7, 12, 23, 30, 21, 3, 18, 28, 1, 24 ], 
      [ 4, 2, 13, 9, 10, 6, 8, 19, 15, 5, 16, 12, 14, 25, 21, 11, 22, 18, 20, 
          29, 1, 17, 27, 24, 26, 7, 23, 30, 3, 28 ], 
      [ 3, 28, 1, 8, 24, 5, 7, 4, 14, 30, 2, 11, 13, 9, 20, 10, 6, 17, 19, 
          15, 26, 16, 12, 23, 25, 21, 22, 18, 29, 27 ], 
      [ 7, 30, 3, 13, 28, 10, 1, 8, 19, 24, 5, 16, 4, 14, 25, 2, 11, 22, 9, 
          20, 29, 6, 17, 27, 15, 26, 12, 23, 21, 18 ], 
      [ 1, 24, 7, 4, 30, 2, 3, 13, 9, 28, 10, 6, 8, 19, 15, 5, 16, 12, 14, 
          25, 21, 11, 22, 18, 20, 29, 17, 27, 26, 23 ], 
      [ 8, 5, 4, 14, 2, 11, 13, 9, 20, 10, 6, 17, 19, 15, 26, 16, 12, 23, 25, 
          21, 3, 22, 18, 28, 29, 1, 27, 24, 7, 30 ], 
      [ 13, 10, 8, 19, 5, 16, 4, 14, 25, 2, 11, 22, 9, 20, 29, 6, 17, 27, 15, 
          26, 7, 12, 23, 30, 21, 3, 18, 28, 1, 24 ], 
      [ 4, 2, 13, 9, 10, 6, 8, 19, 15, 5, 16, 12, 14, 25, 21, 11, 22, 18, 20, 
          29, 1, 17, 27, 24, 26, 7, 23, 30, 3, 28 ], 
      [ 3, 28, 1, 8, 24, 5, 7, 4, 14, 30, 2, 11, 13, 9, 20, 10, 6, 17, 19, 
          15, 26, 16, 12, 23, 25, 21, 22, 18, 29, 27 ], 
      [ 7, 30, 3, 13, 28, 10, 1, 8, 19, 24, 5, 16, 4, 14, 25, 2, 11, 22, 9, 
          20, 29, 6, 17, 27, 15, 26, 12, 23, 21, 18 ], 
      [ 1, 24, 7, 4, 30, 2, 3, 13, 9, 28, 10, 6, 8, 19, 15, 5, 16, 12, 14, 
          25, 21, 11, 22, 18, 20, 29, 17, 27, 26, 23 ], 
      [ 8, 5, 4, 14, 2, 11, 13, 9, 20, 10, 6, 17, 19, 15, 26, 16, 12, 23, 25, 
          21, 3, 22, 18, 28, 29, 1, 27, 24, 7, 30 ], 
      [ 13, 10, 8, 19, 5, 16, 4, 14, 25, 2, 11, 22, 9, 20, 29, 6, 17, 27, 15, 
          26, 7, 12, 23, 30, 21, 3, 18, 28, 1, 24 ], 
      [ 4, 2, 13, 9, 10, 6, 8, 19, 15, 5, 16, 12, 14, 25, 21, 11, 22, 18, 20, 
          29, 1, 17, 27, 24, 26, 7, 23, 30, 3, 28 ], 
      [ 3, 28, 1, 8, 24, 5, 7, 4, 14, 30, 2, 11, 13, 9, 20, 10, 6, 17, 19, 
          15, 26, 16, 12, 23, 25, 21, 22, 18, 29, 27 ], 
      [ 7, 30, 3, 13, 28, 10, 1, 8, 19, 24, 5, 16, 4, 14, 25, 2, 11, 22, 9, 
          20, 29, 6, 17, 27, 15, 26, 12, 23, 21, 18 ], 
      [ 8, 5, 4, 14, 2, 11, 13, 9, 20, 10, 6, 17, 19, 15, 26, 16, 12, 23, 25, 
          21, 3, 22, 18, 28, 29, 1, 27, 24, 7, 30 ], 
      [ 13, 10, 8, 19, 5, 16, 4, 14, 25, 2, 11, 22, 9, 20, 29, 6, 17, 27, 15, 
          26, 7, 12, 23, 30, 21, 3, 18, 28, 1, 24 ], 
      [ 3, 28, 1, 8, 24, 5, 7, 4, 14, 30, 2, 11, 13, 9, 20, 10, 6, 17, 19, 
          15, 26, 16, 12, 23, 25, 21, 22, 18, 29, 27 ], 
      [ 8, 5, 4, 14, 2, 11, 13, 9, 20, 10, 6, 17, 19, 15, 26, 16, 12, 23, 25, 
          21, 3, 22, 18, 28, 29, 1, 27, 24, 7, 30 ] ],
  ordFix := 5,
  ordf := 10,
  psi := GroupGeneralMappingByImages( Group( 
    [ (5,8)(6,7), (1,2,3), (4,5,6,7,8) ] ), Group( 
    [ (5,8)(6,7), (1,2,3), (4,5,6,7,8) ] ), 
    [ (5,8)(6,7), (1,2,3), (4,5,6,7,8) ], [ (4,8)(5,7), (1,3,2), (4,5,6,7,8) 
     ] ) ),
# No.14
rec(
  G := Group( [ (5,8)(6,7), (1,2,3), (4,5,6,7,8) ] ),
  isConnected := false,
  matrix := 
   [ [ 1, 24, 3, 4, 28, 2, 7, 8, 9, 30, 5, 6, 13, 14, 15, 10, 11, 12, 19, 20, 
          21, 16, 17, 18, 25, 26, 22, 23, 29, 27 ], 
      [ 4, 2, 8, 9, 5, 6, 13, 14, 15, 10, 11, 12, 19, 20, 21, 16, 17, 18, 25, 
          26, 1, 22, 23, 24, 29, 3, 27, 28, 7, 30 ], 
      [ 1, 24, 3, 4, 28, 2, 7, 8, 9, 30, 5, 6, 13, 14, 15, 10, 11, 12, 19, 
          20, 21, 16, 17, 18, 25, 26, 22, 23, 29, 27 ], 
      [ 1, 24, 3, 4, 28, 2, 7, 8, 9, 30, 5, 6, 13, 14, 15, 10, 11, 12, 19, 
          20, 21, 16, 17, 18, 25, 26, 22, 23, 29, 27 ], 
      [ 4, 2, 8, 9, 5, 6, 13, 14, 15, 10, 11, 12, 19, 20, 21, 16, 17, 18, 25, 
          26, 1, 22, 23, 24, 29, 3, 27, 28, 7, 30 ], 
      [ 4, 2, 8, 9, 5, 6, 13, 14, 15, 10, 11, 12, 19, 20, 21, 16, 17, 18, 25, 
          26, 1, 22, 23, 24, 29, 3, 27, 28, 7, 30 ], 
      [ 1, 24, 3, 4, 28, 2, 7, 8, 9, 30, 5, 6, 13, 14, 15, 10, 11, 12, 19, 
          20, 21, 16, 17, 18, 25, 26, 22, 23, 29, 27 ], 
      [ 1, 24, 3, 4, 28, 2, 7, 8, 9, 30, 5, 6, 13, 14, 15, 10, 11, 12, 19, 
          20, 21, 16, 17, 18, 25, 26, 22, 23, 29, 27 ], 
      [ 1, 24, 3, 4, 28, 2, 7, 8, 9, 30, 5, 6, 13, 14, 15, 10, 11, 12, 19, 
          20, 21, 16, 17, 18, 25, 26, 22, 23, 29, 27 ], 
      [ 4, 2, 8, 9, 5, 6, 13, 14, 15, 10, 11, 12, 19, 20, 21, 16, 17, 18, 25, 
          26, 1, 22, 23, 24, 29, 3, 27, 28, 7, 30 ], 
      [ 4, 2, 8, 9, 5, 6, 13, 14, 15, 10, 11, 12, 19, 20, 21, 16, 17, 18, 25, 
          26, 1, 22, 23, 24, 29, 3, 27, 28, 7, 30 ], 
      [ 4, 2, 8, 9, 5, 6, 13, 14, 15, 10, 11, 12, 19, 20, 21, 16, 17, 18, 25, 
          26, 1, 22, 23, 24, 29, 3, 27, 28, 7, 30 ], 
      [ 1, 24, 3, 4, 28, 2, 7, 8, 9, 30, 5, 6, 13, 14, 15, 10, 11, 12, 19, 
          20, 21, 16, 17, 18, 25, 26, 22, 23, 29, 27 ], 
      [ 1, 24, 3, 4, 28, 2, 7, 8, 9, 30, 5, 6, 13, 14, 15, 10, 11, 12, 19, 
          20, 21, 16, 17, 18, 25, 26, 22, 23, 29, 27 ], 
      [ 1, 24, 3, 4, 28, 2, 7, 8, 9, 30, 5, 6, 13, 14, 15, 10, 11, 12, 19, 
          20, 21, 16, 17, 18, 25, 26, 22, 23, 29, 27 ], 
      [ 4, 2, 8, 9, 5, 6, 13, 14, 15, 10, 11, 12, 19, 20, 21, 16, 17, 18, 25, 
          26, 1, 22, 23, 24, 29, 3, 27, 28, 7, 30 ], 
      [ 4, 2, 8, 9, 5, 6, 13, 14, 15, 10, 11, 12, 19, 20, 21, 16, 17, 18, 25, 
          26, 1, 22, 23, 24, 29, 3, 27, 28, 7, 30 ], 
      [ 4, 2, 8, 9, 5, 6, 13, 14, 15, 10, 11, 12, 19, 20, 21, 16, 17, 18, 25, 
          26, 1, 22, 23, 24, 29, 3, 27, 28, 7, 30 ], 
      [ 1, 24, 3, 4, 28, 2, 7, 8, 9, 30, 5, 6, 13, 14, 15, 10, 11, 12, 19, 
          20, 21, 16, 17, 18, 25, 26, 22, 23, 29, 27 ], 
      [ 1, 24, 3, 4, 28, 2, 7, 8, 9, 30, 5, 6, 13, 14, 15, 10, 11, 12, 19, 
          20, 21, 16, 17, 18, 25, 26, 22, 23, 29, 27 ], 
      [ 1, 24, 3, 4, 28, 2, 7, 8, 9, 30, 5, 6, 13, 14, 15, 10, 11, 12, 19, 
          20, 21, 16, 17, 18, 25, 26, 22, 23, 29, 27 ], 
      [ 4, 2, 8, 9, 5, 6, 13, 14, 15, 10, 11, 12, 19, 20, 21, 16, 17, 18, 25, 
          26, 1, 22, 23, 24, 29, 3, 27, 28, 7, 30 ], 
      [ 4, 2, 8, 9, 5, 6, 13, 14, 15, 10, 11, 12, 19, 20, 21, 16, 17, 18, 25, 
          26, 1, 22, 23, 24, 29, 3, 27, 28, 7, 30 ], 
      [ 4, 2, 8, 9, 5, 6, 13, 14, 15, 10, 11, 12, 19, 20, 21, 16, 17, 18, 25, 
          26, 1, 22, 23, 24, 29, 3, 27, 28, 7, 30 ], 
      [ 1, 24, 3, 4, 28, 2, 7, 8, 9, 30, 5, 6, 13, 14, 15, 10, 11, 12, 19, 
          20, 21, 16, 17, 18, 25, 26, 22, 23, 29, 27 ], 
      [ 1, 24, 3, 4, 28, 2, 7, 8, 9, 30, 5, 6, 13, 14, 15, 10, 11, 12, 19, 
          20, 21, 16, 17, 18, 25, 26, 22, 23, 29, 27 ], 
      [ 4, 2, 8, 9, 5, 6, 13, 14, 15, 10, 11, 12, 19, 20, 21, 16, 17, 18, 25, 
          26, 1, 22, 23, 24, 29, 3, 27, 28, 7, 30 ], 
      [ 4, 2, 8, 9, 5, 6, 13, 14, 15, 10, 11, 12, 19, 20, 21, 16, 17, 18, 25, 
          26, 1, 22, 23, 24, 29, 3, 27, 28, 7, 30 ], 
      [ 1, 24, 3, 4, 28, 2, 7, 8, 9, 30, 5, 6, 13, 14, 15, 10, 11, 12, 19, 
          20, 21, 16, 17, 18, 25, 26, 22, 23, 29, 27 ], 
      [ 4, 2, 8, 9, 5, 6, 13, 14, 15, 10, 11, 12, 19, 20, 21, 16, 17, 18, 25, 
          26, 1, 22, 23, 24, 29, 3, 27, 28, 7, 30 ] ],
  ordFix := 15,
  ordf := 5,
  psi := GroupGeneralMappingByImages( Group( 
    [ (5,8)(6,7), (1,2,3), (4,5,6,7,8) ] ), Group( 
    [ (5,8)(6,7), (1,2,3), (4,5,6,7,8) ] ), 
    [ (5,8)(6,7), (1,2,3), (4,5,6,7,8) ], [ (4,8)(5,7), (1,2,3), (4,5,6,7,8) 
     ] ) ),
# No.15
rec(
  G := Group( [ (2,5)(3,4)(7,8), (6,7,8), (1,2,3,4,5) ] ),
  isConnected := false,
  matrix := 
   [ [ 1, 30, 3, 4, 24, 10, 7, 8, 9, 28, 2, 16, 13, 14, 15, 5, 6, 22, 19, 20, 
          21, 11, 12, 27, 25, 26, 17, 18, 29, 23 ], 
      [ 8, 2, 13, 14, 5, 6, 4, 19, 20, 10, 11, 12, 9, 25, 26, 16, 17, 18, 15, 
          29, 3, 22, 23, 24, 21, 7, 27, 28, 1, 30 ], 
      [ 1, 30, 3, 4, 24, 10, 7, 8, 9, 28, 2, 16, 13, 14, 15, 5, 6, 22, 19, 
          20, 21, 11, 12, 27, 25, 26, 17, 18, 29, 23 ], 
      [ 1, 30, 3, 4, 24, 10, 7, 8, 9, 28, 2, 16, 13, 14, 15, 5, 6, 22, 19, 
          20, 21, 11, 12, 27, 25, 26, 17, 18, 29, 23 ], 
      [ 8, 2, 13, 14, 5, 6, 4, 19, 20, 10, 11, 12, 9, 25, 26, 16, 17, 18, 15, 
          29, 3, 22, 23, 24, 21, 7, 27, 28, 1, 30 ], 
      [ 8, 2, 13, 14, 5, 6, 4, 19, 20, 10, 11, 12, 9, 25, 26, 16, 17, 18, 15, 
          29, 3, 22, 23, 24, 21, 7, 27, 28, 1, 30 ], 
      [ 1, 30, 3, 4, 24, 10, 7, 8, 9, 28, 2, 16, 13, 14, 15, 5, 6, 22, 19, 
          20, 21, 11, 12, 27, 25, 26, 17, 18, 29, 23 ], 
      [ 1, 30, 3, 4, 24, 10, 7, 8, 9, 28, 2, 16, 13, 14, 15, 5, 6, 22, 19, 
          20, 21, 11, 12, 27, 25, 26, 17, 18, 29, 23 ], 
      [ 1, 30, 3, 4, 24, 10, 7, 8, 9, 28, 2, 16, 13, 14, 15, 5, 6, 22, 19, 
          20, 21, 11, 12, 27, 25, 26, 17, 18, 29, 23 ], 
      [ 8, 2, 13, 14, 5, 6, 4, 19, 20, 10, 11, 12, 9, 25, 26, 16, 17, 18, 15, 
          29, 3, 22, 23, 24, 21, 7, 27, 28, 1, 30 ], 
      [ 8, 2, 13, 14, 5, 6, 4, 19, 20, 10, 11, 12, 9, 25, 26, 16, 17, 18, 15, 
          29, 3, 22, 23, 24, 21, 7, 27, 28, 1, 30 ], 
      [ 8, 2, 13, 14, 5, 6, 4, 19, 20, 10, 11, 12, 9, 25, 26, 16, 17, 18, 15, 
          29, 3, 22, 23, 24, 21, 7, 27, 28, 1, 30 ], 
      [ 1, 30, 3, 4, 24, 10, 7, 8, 9, 28, 2, 16, 13, 14, 15, 5, 6, 22, 19, 
          20, 21, 11, 12, 27, 25, 26, 17, 18, 29, 23 ], 
      [ 1, 30, 3, 4, 24, 10, 7, 8, 9, 28, 2, 16, 13, 14, 15, 5, 6, 22, 19, 
          20, 21, 11, 12, 27, 25, 26, 17, 18, 29, 23 ], 
      [ 1, 30, 3, 4, 24, 10, 7, 8, 9, 28, 2, 16, 13, 14, 15, 5, 6, 22, 19, 
          20, 21, 11, 12, 27, 25, 26, 17, 18, 29, 23 ], 
      [ 8, 2, 13, 14, 5, 6, 4, 19, 20, 10, 11, 12, 9, 25, 26, 16, 17, 18, 15, 
          29, 3, 22, 23, 24, 21, 7, 27, 28, 1, 30 ], 
      [ 8, 2, 13, 14, 5, 6, 4, 19, 20, 10, 11, 12, 9, 25, 26, 16, 17, 18, 15, 
          29, 3, 22, 23, 24, 21, 7, 27, 28, 1, 30 ], 
      [ 8, 2, 13, 14, 5, 6, 4, 19, 20, 10, 11, 12, 9, 25, 26, 16, 17, 18, 15, 
          29, 3, 22, 23, 24, 21, 7, 27, 28, 1, 30 ], 
      [ 1, 30, 3, 4, 24, 10, 7, 8, 9, 28, 2, 16, 13, 14, 15, 5, 6, 22, 19, 
          20, 21, 11, 12, 27, 25, 26, 17, 18, 29, 23 ], 
      [ 1, 30, 3, 4, 24, 10, 7, 8, 9, 28, 2, 16, 13, 14, 15, 5, 6, 22, 19, 
          20, 21, 11, 12, 27, 25, 26, 17, 18, 29, 23 ], 
      [ 1, 30, 3, 4, 24, 10, 7, 8, 9, 28, 2, 16, 13, 14, 15, 5, 6, 22, 19, 
          20, 21, 11, 12, 27, 25, 26, 17, 18, 29, 23 ], 
      [ 8, 2, 13, 14, 5, 6, 4, 19, 20, 10, 11, 12, 9, 25, 26, 16, 17, 18, 15, 
          29, 3, 22, 23, 24, 21, 7, 27, 28, 1, 30 ], 
      [ 8, 2, 13, 14, 5, 6, 4, 19, 20, 10, 11, 12, 9, 25, 26, 16, 17, 18, 15, 
          29, 3, 22, 23, 24, 21, 7, 27, 28, 1, 30 ], 
      [ 8, 2, 13, 14, 5, 6, 4, 19, 20, 10, 11, 12, 9, 25, 26, 16, 17, 18, 15, 
          29, 3, 22, 23, 24, 21, 7, 27, 28, 1, 30 ], 
      [ 1, 30, 3, 4, 24, 10, 7, 8, 9, 28, 2, 16, 13, 14, 15, 5, 6, 22, 19, 
          20, 21, 11, 12, 27, 25, 26, 17, 18, 29, 23 ], 
      [ 1, 30, 3, 4, 24, 10, 7, 8, 9, 28, 2, 16, 13, 14, 15, 5, 6, 22, 19, 
          20, 21, 11, 12, 27, 25, 26, 17, 18, 29, 23 ], 
      [ 8, 2, 13, 14, 5, 6, 4, 19, 20, 10, 11, 12, 9, 25, 26, 16, 17, 18, 15, 
          29, 3, 22, 23, 24, 21, 7, 27, 28, 1, 30 ], 
      [ 8, 2, 13, 14, 5, 6, 4, 19, 20, 10, 11, 12, 9, 25, 26, 16, 17, 18, 15, 
          29, 3, 22, 23, 24, 21, 7, 27, 28, 1, 30 ], 
      [ 1, 30, 3, 4, 24, 10, 7, 8, 9, 28, 2, 16, 13, 14, 15, 5, 6, 22, 19, 
          20, 21, 11, 12, 27, 25, 26, 17, 18, 29, 23 ], 
      [ 8, 2, 13, 14, 5, 6, 4, 19, 20, 10, 11, 12, 9, 25, 26, 16, 17, 18, 15, 
          29, 3, 22, 23, 24, 21, 7, 27, 28, 1, 30 ] ],
  ordFix := 15,
  ordf := 15,
  psi := GroupGeneralMappingByImages( Group( 
    [ (2,5)(3,4)(7,8), (6,7,8), (1,2,3,4,5) ] ), Group( 
    [ (2,5)(3,4)(7,8), (6,7,8), (1,2,3,4,5) ] ), 
    [ (2,5)(3,4)(7,8), (6,7,8), (1,2,3,4,5) ], 
    [ (1,5)(2,4)(6,8), (6,7,8), (1,2,3,4,5) ] ) ),
]; 
### end of file ###