# 
# computed by Jin Kosaka and Hirotake Kurihara 
# using gap 4.12.2 
# 
GAQ_7 :=
[
# No.1
rec(
  G := Group( [ (1,2,3,4,5,6,7) ] ),
  isConnected := false,
  matrix := [ [ 1, 2, 3, 4, 5, 6, 7 ], [ 1, 2, 3, 4, 5, 6, 7 ], [ 1, 2, 3, 4, 5, 6, 7 ], [ 1, 2, 3, 4, 5, 6, 7 ], [ 1, 2, 3, 4, 5, 6, 7 ], [ 1, 2, 3, 4, 5, 6, 7 ], [ 1, 2, 3, 4, 5, 6, 7 ] ]
   ,
  ordFix := 7,
  ordf := 1,
  psi := GroupHomomorphismByImages( Group( [ (1,2,3,4,5,6,7) ] ), Group( [ (1,2,3,4,5,6,7) ] ), [ (1,2,3,4,5,6,7) ], [ (1,2,3,4,5,6,7) ] ) ),
# No.2
rec(
  G := Group( [ (1,2,3,4,5,6,7) ] ),
  isConnected := true,
  matrix := [ [ 1, 3, 5, 7, 2, 4, 6 ], [ 7, 2, 4, 6, 1, 3, 5 ], [ 6, 1, 3, 5, 7, 2, 4 ], [ 5, 7, 2, 4, 6, 1, 3 ], [ 4, 6, 1, 3, 5, 7, 2 ], [ 3, 5, 7, 2, 4, 6, 1 ], [ 2, 4, 6, 1, 3, 5, 7 ] ]
   ,
  ordFix := 1,
  ordf := 3,
  psi := GroupHomomorphismByImages( Group( [ (1,2,3,4,5,6,7) ] ), Group( [ (1,2,3,4,5,6,7) ] ), [ (1,2,3,4,5,6,7) ], [ (1,3,5,7,2,4,6) ] ) ),
# No.3
rec(
  G := Group( [ (1,2,3,4,5,6,7) ] ),
  isConnected := true,
  matrix := [ [ 1, 4, 7, 3, 6, 2, 5 ], [ 6, 2, 5, 1, 4, 7, 3 ], [ 4, 7, 3, 6, 2, 5, 1 ], [ 2, 5, 1, 4, 7, 3, 6 ], [ 7, 3, 6, 2, 5, 1, 4 ], [ 5, 1, 4, 7, 3, 6, 2 ], [ 3, 6, 2, 5, 1, 4, 7 ] ]
   ,
  ordFix := 1,
  ordf := 6,
  psi := GroupHomomorphismByImages( Group( [ (1,2,3,4,5,6,7) ] ), Group( [ (1,2,3,4,5,6,7) ] ), [ (1,2,3,4,5,6,7) ], [ (1,4,7,3,6,2,5) ] ) ),
# No.4
rec(
  G := Group( [ (1,2,3,4,5,6,7) ] ),
  isConnected := true,
  matrix := [ [ 1, 5, 2, 6, 3, 7, 4 ], [ 5, 2, 6, 3, 7, 4, 1 ], [ 2, 6, 3, 7, 4, 1, 5 ], [ 6, 3, 7, 4, 1, 5, 2 ], [ 3, 7, 4, 1, 5, 2, 6 ], [ 7, 4, 1, 5, 2, 6, 3 ], [ 4, 1, 5, 2, 6, 3, 7 ] ]
   ,
  ordFix := 1,
  ordf := 3,
  psi := GroupHomomorphismByImages( Group( [ (1,2,3,4,5,6,7) ] ), Group( [ (1,2,3,4,5,6,7) ] ), [ (1,2,3,4,5,6,7) ], [ (1,5,2,6,3,7,4) ] ) ),
# No.5
rec(
  G := Group( [ (1,2,3,4,5,6,7) ] ),
  isConnected := true,
  matrix := [ [ 1, 6, 4, 2, 7, 5, 3 ], [ 4, 2, 7, 5, 3, 1, 6 ], [ 7, 5, 3, 1, 6, 4, 2 ], [ 3, 1, 6, 4, 2, 7, 5 ], [ 6, 4, 2, 7, 5, 3, 1 ], [ 2, 7, 5, 3, 1, 6, 4 ], [ 5, 3, 1, 6, 4, 2, 7 ] ]
   ,
  ordFix := 1,
  ordf := 6,
  psi := GroupHomomorphismByImages( Group( [ (1,2,3,4,5,6,7) ] ), Group( [ (1,2,3,4,5,6,7) ] ), [ (1,2,3,4,5,6,7) ], [ (1,6,4,2,7,5,3) ] ) ),
# No.6
rec(
  G := Group( [ (1,2,3,4,5,6,7) ] ),
  isConnected := true,
  matrix := [ [ 1, 7, 6, 5, 4, 3, 2 ], [ 3, 2, 1, 7, 6, 5, 4 ], [ 5, 4, 3, 2, 1, 7, 6 ], [ 7, 6, 5, 4, 3, 2, 1 ], [ 2, 1, 7, 6, 5, 4, 3 ], [ 4, 3, 2, 1, 7, 6, 5 ], [ 6, 5, 4, 3, 2, 1, 7 ] ]
   ,
  ordFix := 1,
  ordf := 2,
  psi := GroupHomomorphismByImages( Group( [ (1,2,3,4,5,6,7) ] ), Group( [ (1,2,3,4,5,6,7) ] ), [ (1,2,3,4,5,6,7) ], [ (1,7,6,5,4,3,2) ] ) ),
]; 
### end of file ###